41296 20894 60
83218 82409 71.4286
88396 87902 63.1579
95264 95207 90.9091
96969 96962 83.3333
96970 96969 83.3333
96970 96962 83.3333
96976 96970 83.3333
96976 96969 83.3333
96976 96962 83.3333
99153 83218 71.4286
99153 82409 71.4286
99263 84894 73.6842
99284 99263 73.6842
99284 84894 87.5
101048 100988 60
101093 101048 66.6667
101093 100988 60
101727 99436 63.1579
103181 101849 66.6667
103209 103198 70.5882
103227 103209 75
103227 103198 70.5882
103237 103227 70.5882
103237 103209 70.5882
103237 103198 66.6667
103238 103237 66.6667
103238 103227 70.5882
103238 103209 70.5882
103238 103198 66.6667
103245 103238 60
103245 103237 60
103245 103227 63.1579
103245 103218 63.1579
103245 103209 63.1579
103245 103198 60
103296 103245 63.1579
103296 103238 70.5882
103296 103237 70.5882
103296 103227 75
103296 103209 75
103296 103198 70.5882
103300 103296 70.5882
103300 103245 60
103300 103238 66.6667
103300 103237 66.6667
103300 103227 70.5882
103300 103209 70.5882
103300 103198 66.6667
103374 103300 66.6667
103374 103296 70.5882
103374 103245 60
103374 103238 66.6667
103374 103237 66.6667
103374 103227 70.5882
103374 103209 70.5882
103374 103198 66.6667
103423 103419 63.1579
103486 103374 66.6667
103486 103300 66.6667
103486 103296 70.5882
103486 103245 60
103486 103238 66.6667
103486 103237 66.6667
103486 103227 70.5882
103486 103209 70.5882
103486 103198 66.6667
104562 104561 75
104565 104562 70.5882
104565 104561 70.5882
104599 104596 87.5
104607 104599 71.4286
104608 104607 76.9231
104608 104596 66.6667
104717 104712 100
104720 104717 100
104720 104712 100
104731 104720 66.6667
104731 104717 66.6667
104731 104712 66.6667
104739 104737 75
104739 104731 66.6667
104739 104720 66.6667
104739 104717 66.6667
104739 104712 66.6667
104741 104739 100
104741 104737 75
104741 104731 66.6667
104741 104720 66.6667
104741 104717 66.6667
104741 104712 66.6667
104744 104741 100
104744 104739 100
104744 104737 75
104744 104731 66.6667
104744 104720 66.6667
104744 104717 66.6667
104744 104712 66.6667
104753 104752 76.9231
104757 104753 63.1579
104757 104750 63.1579
104772 104768 63.1579
104782 104764 62.5
104796 104795 61.5385
104841 104840 90.9091
104842 104841 90.9091
104842 104840 90.9091
104865 99882 66.6667
105115 104922 63.6364
105125 104764 71.4286
105128 105125 71.4286
105128 104764 62.5
105134 105128 87.5
105141 105135 87.5
105178 105128 62.5
105180 105178 100
105180 105128 62.5
105302 105301 100
105303 105302 100
105303 105301 100
105463 105453 62.5
105468 105463 73.6842
105469 105468 63.1579
105469 105463 87.5
105470 105469 100
105470 105468 63.1579
105470 105463 87.5
105471 105470 87.5
105471 105469 87.5
105471 105468 73.6842
105471 105463 100
105471 105453 62.5
105509 105504 71.4286
105546 105544 100
105548 105546 100
105548 105544 100
105551 105548 100
105551 105546 100
105551 105544 100
105612 105471 62.5
105612 105463 62.5
105612 105453 62.5
105614 105612 100
105614 105471 62.5
105614 105463 62.5
105614 105453 62.5
105639 105638 73.6842
105639 105470 62.5
105639 105469 62.5
105647 105644 66.6667
105693 105686 83.3333
105730 105614 62.5
105730 105612 62.5
105730 105471 62.5
105730 105463 62.5
105730 105453 62.5
105734 105730 100
105734 105614 62.5
105734 105612 62.5
105734 105471 62.5
105734 105463 62.5
105734 105453 62.5
105737 105734 100
105737 105730 100
105737 105614 62.5
105737 105612 62.5
105737 105471 62.5
105737 105463 62.5
105737 105453 62.5
105784 88396 73.6842
105784 87902 75
106608 106605 63.1579
106616 106608 87.5
106616 106605 63.1579
106617 106616 75
106617 106608 75
106617 106605 73.6842
106631 106629 87.5
106634 106631 87.5
106634 106629 100
106637 106634 87.5
106637 106631 87.5
106637 106629 87.5
106638 106637 87.5
106638 106634 87.5
106638 106631 87.5
106638 106629 87.5
106662 106617 62.5
106676 106634 62.5
106676 106629 62.5
