0 488730
1 0
2 0
3 0
4 0
5 0
6 0
7 4
8 36
9 104
10 495
11 662
12 1248
13 1083
14 731
15 1570
16 745
17 690
18 1
19 420
20 123
21 0
22 194
23 14
24 74
25 432
26 0
27 101
28 21
29 401
30 97
31 79
32 115
33 0
34 276
35 0
36 293
37 54
38 210
39 0
40 24
41 0
42 0
43 90
44 0
45 4
46 0
47 15
48 8
49 0
50 144
51 0
52 0
53 4
54 6
55 6
56 1
57 0
58 5
59 0
60 9
61 0
62 1
63 32
64 15
65 0
66 0
67 35
68 0
69 0
70 0
71 20
72 7
73 0
74 7
75 10
76 0
77 2
78 0
79 0
80 0
81 0
82 0
83 0
84 7
85 0
86 0
87 0
88 18
89 0
90 0
91 4
92 0
93 0
94 0
95 0
96 0
97 0
98 0
99 0
100 0
101 23
