104712 104717 100
104712 104720 100
105178 105180 100
105470 105469 100
105551 105544 100
105551 105546 100
105551 105548 100
105612 105614 100
105734 105730 100
105734 105737 100
106722 106706 100
106997 106996 100
107047 107052 100
107071 107080 100
107085 107086 100
107085 107087 100
107085 107089 100
107090 107086 100
107090 107087 100
107090 107089 100
107143 107134 100
107143 107136 100
107274 107271 100
107274 107275 100
107274 107278 100
107441 107438 100
107441 107445 100
107441 107457 100
107871 107862 100
107871 107872 100
107871 107874 100
107871 107875 100
107871 107878 100
107876 107862 100
107876 107872 100
107876 107874 100
107876 107875 100
107876 107878 100
107990 107988 100
108176 108171 100
108176 108179 100
108176 108185 100
108216 108207 100
108216 108208 100
108216 108214 100
108258 108247 100
108368 108361 100
108368 108363 100
108386 108375 100
108475 108487 100
108505 108504 100
108674 108664 100
108674 108676 100
108907 108888 100
108907 108892 100
108907 108905 100
108943 108934 100
109031 109070 100
109281 109284 100
109531 109528 100
109531 109533 100
109531 109542 100
109531 109545 100
109554 109528 100
109554 109533 100
109554 109542 100
109554 109545 100
109608 109586 100
109608 109592 100
109608 109599 100
109608 109621 100
109608 109626 100
109788 109791 100
109788 123829 100
109788 123830 100
109802 109795 100
110215 110210 100
110215 110216 100
110459 110456 100
110459 110485 100
110459 110486 100
110480 110456 100
110480 110485 100
110480 110486 100
111341 111339 100
111387 111392 100
111387 111398 100
111387 111399 100
111418 111410 100
111418 111411 100
111418 111413 100
111418 111419 100
111418 111420 100
111418 111421 100
111423 111410 100
111423 111411 100
111423 111413 100
111423 111419 100
111423 111420 100
111423 111421 100
111626 111621 100
111626 111622 100
111626 111623 100
111692 111681 100
111734 111735 100
111734 111736 100
111734 111738 100
111734 111740 100
111739 111735 100
111739 111736 100
111739 111738 100
111739 111740 100
111824 111823 100
111871 111874 100
111871 111876 100
111871 111880 100
111871 111886 100
111871 111887 100
111871 111889 100
111879 111874 100
111879 111876 100
111879 111880 100
111879 111886 100
111879 111887 100
111879 111889 100
111888 111874 100
111888 111876 100
111888 111880 100
111888 111886 100
111888 111887 100
111888 111889 100
111900 111894 100
111900 111897 100
111968 111956 100
111968 111963 100
111968 111965 100
111968 111966 100
112097 112095 100
112446 112456 100
112891 112893 100
112891 112894 100
112891 112897 100
112891 112900 100
112898 112893 100
112898 112894 100
112898 112897 100
112898 112900 100
112934 112940 100
114001 113999 100
114220 114216 100
114220 114221 100
114458 114457 100
114458 114460 100
114505 114511 100
114505 114512 100
114514 114511 100
114514 114512 100
114571 114569 100
114579 114578 100
114579 114580 100
114604 114606 100
114621 114620 100
114621 114624 100
114621 114625 100
114636 114638 100
114636 114639 100
114636 114641 100
114666 114665 100
114666 114667 100
114666 114668 100
114666 114669 100
114674 114676 100
114674 114677 100
114687 114690 100
114695 114691 100
114695 114693 100
114695 114697 100
114722 114727 100
114722 114728 100
114722 114729 100
114756 114760 100
114756 114761 100
114786 114781 100
114786 114783 100
114786 114785 100
114794 114793 100
114814 114811 100
114821 114820 100
114821 114823 100
114821 114825 100
114829 114827 100
114829 114831 100
114829 114832 100
114829 114833 100
114836 114827 100
114836 114831 100
114836 114832 100
114836 114833 100
114846 114844 100
114868 114864 100
114868 114867 100
114880 114883 100
114896 114894 100
114896 114897 100
114914 114916 100
114914 114927 100
114914 114931 100
114945 114946 100
114945 114947 100
114967 114961 100
114967 114962 100
114967 114964 100
114987 114991 100
114987 114992 100
114987 114994 100
114995 114991 100
114995 114992 100
114995 114994 100
115169 115167 100
115177 115176 100
115177 115178 100
115177 115179 100
115177 115180 100
115199 115176 100
115199 115178 100
115199 115179 100
115199 115180 100
115206 115205 100
115206 115208 100
115206 115211 100
115206 115213 100
115206 115218 100
115206 115219 100
115206 115221 100
115206 115233 100
115206 115257 100
115222 115205 100
115222 115208 100
115222 115211 100
115222 115213 100
115222 115218 100
115222 115219 100
115222 115221 100
115222 115233 100
115222 115257 100
115235 115205 100
115235 115208 100
115235 115211 100
115235 115213 100
115235 115218 100
115235 115219 100
115235 115221 100
115235 115233 100
115235 115257 100
115386 115385 100
115495 115494 100
115495 115498 100
115495 115499 100
115666 115667 100
115666 115669 100
115714 115716 100
115733 115731 100
115876 115874 100
115876 115875 100
115876 115883 100
115876 115884 100
115876 115885 100
115876 115889 100
115876 115891 100
115876 115896 100
115876 115900 100
115876 115901 100
115876 115903 100
115876 115905 100
115876 115908 100
115876 115909 100
115876 115917 100
115876 115919 100
115876 115921 100
115876 115924 100
115876 115926 100
115876 115927 100
115887 115874 100
115887 115875 100
115887 115883 100
115887 115884 100
115887 115885 100
115887 115889 100
115887 115891 100
115887 115896 100
115887 115900 100
115887 115901 100
115887 115903 100
115887 115905 100
115887 115908 100
115887 115909 100
115887 115917 100
115887 115919 100
115887 115921 100
115887 115924 100
115887 115926 100
115887 115927 100
115897 115874 100
115897 115875 100
115897 115883 100
115897 115884 100
115897 115885 100
115897 115889 100
115897 115891 100
115897 115896 100
115897 115900 100
115897 115901 100
115897 115903 100
115897 115905 100
115897 115908 100
115897 115909 100
115897 115917 100
115897 115919 100
115897 115921 100
115897 115924 100
115897 115926 100
115897 115927 100
115904 115874 100
115904 115875 100
115904 115883 100
115904 115884 100
115904 115885 100
115904 115889 100
115904 115891 100
115904 115896 100
115904 115900 100
115904 115901 100
115904 115903 100
115904 115905 100
115904 115908 100
115904 115909 100
115904 115917 100
115904 115919 100
115904 115921 100
115904 115924 100
115904 115926 100
115904 115927 100
115915 115874 100
115915 115875 100
115915 115883 100
115915 115884 100
115915 115885 100
115915 115889 100
115915 115891 100
115915 115896 100
115915 115900 100
115915 115901 100
115915 115903 100
115915 115905 100
115915 115908 100
115915 115909 100
115915 115917 100
115915 115919 100
115915 115921 100
115915 115924 100
115915 115926 100
115915 115927 100
115922 115874 100
115922 115875 100
115922 115883 100
115922 115884 100
115922 115885 100
115922 115889 100
115922 115891 100
115922 115896 100
115922 115900 100
115922 115901 100
115922 115903 100
115922 115905 100
115922 115908 100
115922 115909 100
115922 115917 100
115922 115919 100
115922 115921 100
115922 115924 100
115922 115926 100
115922 115927 100
115958 115961 100
115958 115963 100
115958 115967 100
115968 115961 100
115968 115963 100
115968 115967 100
115993 115974 100
115993 115983 100
115993 115991 100
115993 115994 100
115993 115995 100
115993 115998 100
116008 115974 100
116008 115983 100
116008 115991 100
116008 115994 100
116008 115995 100
116008 115998 100
116127 116108 100
116127 116126 100
116127 116130 100
116127 116135 100
116127 116140 100
116127 116143 100
116127 116146 100
116127 150507 100
116141 116108 100
116141 116126 100
116141 116130 100
116141 116135 100
116141 116140 100
116141 116143 100
116141 116146 100
116141 150507 100
116151 116150 100
116151 116152 100
116151 116160 100
116151 116163 100
116159 116150 100
116159 116152 100
116159 116160 100
116159 116163 100
116173 116178 100
116173 116182 100
116173 116196 100
116179 116175 100
116179 116177 100
116179 116185 100
116179 116188 100
116179 116191 100
116179 154121 100
116189 116178 100
116189 116182 100
116189 116196 100
116200 116198 100
116200 116209 100
116200 116218 100
116229 116227 100
116229 116232 100
116229 116235 100
116229 116236 100
116229 116242 100
116229 116246 100
116229 116247 100
116229 116256 100
116229 116257 100
116229 116261 100
116237 116227 100
116237 116232 100
116237 116235 100
116237 116236 100
116237 116242 100
116237 116246 100
116237 116247 100
116237 116256 100
116237 116257 100
116237 116261 100
116249 116227 100
116249 116232 100
116249 116235 100
116249 116236 100
116249 116242 100
116249 116246 100
116249 116247 100
116249 116256 100
116249 116257 100
116249 116261 100
116262 116227 100
116262 116232 100
116262 116235 100
116262 116236 100
116262 116242 100
116262 116246 100
116262 116247 100
116262 116256 100
116262 116257 100
116262 116261 100
116342 116361 100
116468 116488 100
116468 116492 100
116468 116495 100
116493 116488 100
116493 116492 100
116493 116495 100
116579 116575 100
116579 116583 100
116708 116729 100
116914 116912 100
116914 116915 100
116976 116970 100
116976 116973 100
116976 116982 100
116996 116995 100
116996 117003 100
116996 117014 100
116996 117023 100
117024 116995 100
117024 117003 100
117024 117014 100
117024 117023 100
117047 117042 100
117047 117043 100
117047 117050 100
117047 117054 100
117047 117056 100
117057 117058 100
117057 117059 100
117057 117060 100
117057 117062 100
117057 117063 100
117057 117064 100
117061 117058 100
117061 117059 100
117061 117060 100
117061 117062 100
117061 117063 100
117061 117064 100
117069 117058 100
117069 117059 100
117069 117060 100
117069 117062 100
117069 117063 100
117069 117064 100
117090 117083 100
117090 117085 100
117090 117086 100
117090 117092 100
117090 117096 100
117090 117097 100
117098 117083 100
117098 117085 100
117098 117086 100
117098 117092 100
117098 117096 100
117098 117097 100
117241 117247 100
117241 117255 100
117279 117276 100
117279 117281 100
117279 117293 100
117279 117294 100
117301 117302 100
117373 117368 100
117373 117371 100
117373 117372 100
117373 117376 100
117373 117377 100
117373 117381 100
117373 117383 100
117373 117384 100
117382 117368 100
117382 117371 100
117382 117372 100
117382 117376 100
117382 117377 100
117382 117381 100
117382 117383 100
117382 117384 100
117400 117397 100
117400 117415 100
117411 117406 100
117411 117409 100
117411 117410 100
117411 117419 100
117411 117421 100
117417 117406 100
117417 117409 100
117417 117410 100
117417 117419 100
117417 117421 100
117422 117406 100
117422 117409 100
117422 117410 100
117422 117419 100
117422 117421 100
117435 117426 100
117435 117429 100
117435 117434 100
117435 117436 100
117435 117437 100
117435 117440 100
117435 117443 100
117442 117426 100
117442 117429 100
117442 117434 100
117442 117436 100
117442 117437 100
117442 117440 100
117442 117443 100
117477 117447 100
117477 117465 100
117477 117479 100
117485 117484 100
117485 117488 100
117485 117489 100
117485 117492 100
117485 117496 100
117485 117498 100
117485 117499 100
117493 117484 100
117493 117488 100
117493 117489 100
117493 117492 100
117493 117496 100
117493 117498 100
117493 117499 100
117535 117530 100
117535 117533 100
117535 117540 100
117535 117542 100
117535 117543 100
117545 117552 100
117545 117553 100
117545 117556 100
117545 117559 100
117545 117561 100
117545 117564 100
117545 117565 100
117558 117552 100
117558 117553 100
117558 117556 100
117558 117559 100
117558 117561 100
117558 117564 100
117558 117565 100
117562 117552 100
117562 117553 100
117562 117556 100
117562 117559 100
117562 117561 100
117562 117564 100
117562 117565 100
117569 117571 100
117569 117573 100
117569 117580 100
117569 117584 100
117569 117588 100
117569 117591 100
117569 117593 100
117577 117571 100
117577 117573 100
117577 117580 100
117577 117584 100
117577 117588 100
117577 117591 100
117577 117593 100
117592 117571 100
117592 117573 100
117592 117580 100
117592 117584 100
117592 117588 100
117592 117591 100
117592 117593 100
117622 117616 100
117622 117621 100
117622 117624 100
117622 117626 100
117622 117631 100
117622 117633 100
117622 117635 100
117622 117641 100
117622 117645 100
117622 117648 100
117622 117649 100
117622 117653 100
117632 117616 100
117632 117621 100
117632 117624 100
117632 117626 100
117632 117631 100
117632 117633 100
117632 117635 100
117632 117641 100
117632 117645 100
117632 117648 100
117632 117649 100
117632 117653 100
117644 117616 100
117644 117621 100
117644 117624 100
117644 117626 100
117644 117631 100
117644 117633 100
117644 117635 100
117644 117641 100
117644 117645 100
117644 117648 100
117644 117649 100
117644 117653 100
117650 117616 100
117650 117621 100
117650 117624 100
117650 117626 100
117650 117631 100
117650 117633 100
117650 117635 100
117650 117641 100
117650 117645 100
117650 117648 100
117650 117649 100
117650 117653 100
117671 117667 100
117671 117674 100
117671 117677 100
117681 117682 100
117681 117683 100
117681 117685 100
117681 117689 100
117681 117694 100
117681 117696 100
117681 117697 100
117686 117682 100
117686 117683 100
117686 117685 100
117686 117689 100
117686 117694 100
117686 117696 100
117686 117697 100
117695 117682 100
117695 117683 100
117695 117685 100
117695 117689 100
117695 117694 100
117695 117696 100
117695 117697 100
117708 117709 100
117708 117710 100
117708 117712 100
117708 117716 100
117708 117717 100
117715 117709 100
117715 117710 100
117715 117712 100
117715 117716 100
117715 117717 100
117721 117709 100
117721 117710 100
117721 117712 100
117721 117716 100
117721 117717 100
117741 117737 100
117741 117740 100
117741 117742 100
117741 117743 100
117741 117744 100
117741 117746 100
117741 117749 100
117741 117754 100
117741 117757 100
117745 117737 100
117745 117740 100
117745 117742 100
117745 117743 100
117745 117744 100
117745 117746 100
117745 117749 100
117745 117754 100
117745 117757 100
117761 117760 100
117761 117764 100
117761 117766 100
117761 117768 100
117761 117775 100
117761 117776 100
117761 117783 100
117769 117760 100
117769 117764 100
117769 117766 100
117769 117768 100
117769 117775 100
117769 117776 100
117769 117783 100
117785 117760 100
117785 117764 100
117785 117766 100
117785 117768 100
117785 117775 100
117785 117776 100
117785 117783 100
117820 117816 100
117820 117818 100
117820 117819 100
117845 117831 100
117845 117857 100
117860 117828 100
117860 117830 100
117860 117852 100
117860 117854 100
117860 117861 100
117860 117863 100
117879 117878 100
117879 117881 100
117879 117883 100
117879 117884 100
117879 117886 100
117879 117887 100
117885 117878 100
117885 117881 100
117885 117883 100
117885 117884 100
117885 117886 100
117885 117887 100
117894 117890 100
117894 117895 100
117894 117903 100
117894 117904 100
117894 117907 100
117894 117911 100
117894 117915 100
117902 117890 100
117902 117895 100
117902 117903 100
117902 117904 100
117902 117907 100
117902 117911 100
117902 117915 100
117909 117890 100
117909 117895 100
117909 117903 100
117909 117904 100
117909 117907 100
117909 117911 100
117909 117915 100
117914 117890 100
117914 117895 100
117914 117903 100
117914 117904 100
117914 117907 100
117914 117911 100
117914 117915 100
117919 117917 100
117919 117918 100
117919 117924 100
117949 117935 100
117949 117937 100
117949 117951 100
117949 117955 100
117949 117956 100
117949 117959 100
117949 117960 100
117949 117961 100
117957 117935 100
117957 117937 100
117957 117951 100
117957 117955 100
117957 117956 100
117957 117959 100
117957 117960 100
117957 117961 100
117970 117973 100
117970 117978 100
117970 117979 100
117970 117980 100
117977 117973 100
117977 117978 100
117977 117979 100
117977 117980 100
117995 117990 100
117995 117992 100
117995 117993 100
117995 117996 100
118042 118032 100
118042 118033 100
118042 118037 100
118042 118040 100
118042 118041 100
118042 118045 100
118042 118046 100
118042 118047 100
118052 118053 100
118052 118057 100
118052 118071 100
118052 118075 100
118052 118076 100
118052 118077 100
118073 118053 100
118073 118057 100
118073 118071 100
118073 118075 100
118073 118076 100
118073 118077 100
118079 118083 100
118079 118091 100
118079 118095 100
118079 118097 100
118079 118098 100
118092 118083 100
118092 118091 100
118092 118095 100
118092 118097 100
118092 118098 100
118103 118105 100
118103 118106 100
118103 118108 100
118103 118112 100
118103 118116 100
118103 118121 100
118109 118105 100
118109 118106 100
118109 118108 100
118109 118112 100
118109 118116 100
118109 118121 100
118120 118105 100
118120 118106 100
118120 118108 100
118120 118112 100
118120 118116 100
118120 118121 100
118128 118125 100
118128 118129 100
118128 118131 100
118128 118132 100
118128 118134 100
118128 118138 100
118128 118140 100
118133 118125 100
118133 118129 100
118133 118131 100
118133 118132 100
118133 118134 100
118133 118138 100
118133 118140 100
118149 118144 100
118149 118147 100
118149 118148 100
118149 118151 100
118149 118152 100
118149 118154 100
118149 118158 100
118166 118163 100
118166 118165 100
118166 118170 100
118166 118174 100
118166 118177 100
118175 118163 100
118175 118165 100
118175 118170 100
118175 118174 100
118175 118177 100
118209 118210 100
118209 118211 100
118209 118214 100
118209 118217 100
118209 118221 100
118209 118222 100
118209 118233 100
118209 118235 100
118209 118238 100
118216 118210 100
118216 118211 100
118216 118214 100
118216 118217 100
118216 118221 100
118216 118222 100
118216 118233 100
118216 118235 100
118216 118238 100
118229 118210 100
118229 118211 100
118229 118214 100
118229 118217 100
118229 118221 100
118229 118222 100
118229 118233 100
118229 118235 100
118229 118238 100
118240 118210 100
118240 118211 100
118240 118214 100
118240 118217 100
118240 118221 100
118240 118222 100
118240 118233 100
118240 118235 100
118240 118238 100
118252 118241 100
118252 118244 100
118252 118250 100
118252 118253 100
118260 118256 100
118260 118258 100
118260 118264 100
118260 118266 100
118290 118289 100
118290 118292 100
118290 118293 100
118290 118294 100
118290 118298 100
118290 118299 100
118290 118301 100
118290 118306 100
118290 118307 100
118290 118308 100
118290 118312 100
118290 118313 100
118290 118314 100
118290 118316 100
118295 118289 100
118295 118292 100
118295 118293 100
118295 118294 100
118295 118298 100
118295 118299 100
118295 118301 100
118295 118306 100
118295 118307 100
118295 118308 100
118295 118312 100
118295 118313 100
118295 118314 100
118295 118316 100
118302 118289 100
118302 118292 100
118302 118293 100
118302 118294 100
118302 118298 100
118302 118299 100
118302 118301 100
118302 118306 100
118302 118307 100
118302 118308 100
118302 118312 100
118302 118313 100
118302 118314 100
118302 118316 100
118309 118289 100
118309 118292 100
118309 118293 100
118309 118294 100
118309 118298 100
118309 118299 100
118309 118301 100
118309 118306 100
118309 118307 100
118309 118308 100
118309 118312 100
118309 118313 100
118309 118314 100
118309 118316 100
118808 118807 100
118808 118810 100
118808 118812 100
118808 118813 100
118808 118816 100
118808 118821 100
118808 118822 100
118815 118807 100
118815 118810 100
118815 118812 100
118815 118813 100
118815 118816 100
118815 118821 100
118815 118822 100
118831 118833 100
118831 118835 100
118831 118836 100
118831 118838 100
118831 118840 100
118831 118845 100
118831 124344 100
118837 118833 100
118837 118835 100
118837 118836 100
118837 118838 100
118837 118840 100
118837 118845 100
118837 124344 100
118843 118833 100
118843 118835 100
118843 118836 100
118843 118838 100
118843 118840 100
118843 118845 100
118843 124344 100
118857 118853 100
118857 118856 100
118857 118859 100
118857 118860 100
118863 118862 100
118863 118866 100
118863 118872 100
118863 118877 100
118863 118879 100
118863 118880 100
118863 118882 100
118875 118862 100
118875 118866 100
118875 118872 100
118875 118877 100
118875 118879 100
118875 118880 100
118875 118882 100
118881 118862 100
118881 118866 100
118881 118872 100
118881 118877 100
118881 118879 100
118881 118880 100
118881 118882 100
118887 118890 100
118894 118892 100
118894 118895 100
118894 118897 100
118894 118898 100
118894 124352 100
118910 118914 100
118922 118914 100
118929 118927 100
118929 118930 100
118929 118931 100
118929 118937 100
118936 118927 100
118936 118930 100
118936 118931 100
118936 118937 100
118949 118947 100
118949 118948 100
118949 118951 100
118949 118953 100
118949 118954 100
118949 118959 100
118955 118947 100
118955 118948 100
118955 118951 100
118955 118953 100
118955 118954 100
118955 118959 100
118969 118964 100
118969 118968 100
118969 118988 100
118969 118994 100
118969 119008 100
118969 119009 100
118969 119010 100
119017 119020 100
119017 119024 100
119017 119027 100
119017 119035 100
119017 119036 100
119017 119041 100
119017 119046 100
119017 119057 100
119017 119059 100
119032 119020 100
119032 119024 100
119032 119027 100
119032 119035 100
119032 119036 100
119032 119041 100
119032 119046 100
119032 119057 100
119032 119059 100
119058 119020 100
119058 119024 100
119058 119027 100
119058 119035 100
119058 119036 100
119058 119041 100
119058 119046 100
119058 119057 100
119058 119059 100
119063 119060 100
119063 119062 100
119063 119067 100
119082 119075 100
119082 119078 100
119082 119085 100
119082 119088 100
119082 119092 100
119082 119094 100
119082 119095 100
119093 119075 100
119093 119078 100
119093 119085 100
119093 119088 100
119093 119092 100
119093 119094 100
119093 119095 100
119105 119103 100
119105 119111 100
119105 119112 100
119105 119118 100
119105 119131 100
119105 124367 100
119119 119103 100
119119 119111 100
119119 119112 100
119119 119118 100
119119 119131 100
119119 124367 100
119141 119143 100
119141 119144 100
119141 119150 100
119141 124369 100
119161 119168 100
119161 119172 100
119161 119190 100
119179 119168 100
119179 119172 100
119179 119190 100
119196 119194 100
119196 119204 100
119196 119206 100
119196 119219 100
119217 119194 100
119217 119204 100
119217 119206 100
119217 119219 100
119229 119226 100
119229 119227 100
119229 119236 100
119229 119239 100
119279 119276 100
119297 119291 100
119297 119293 100
119297 119296 100
119297 119298 100
119297 119304 100
119311 119310 100
119311 119314 100
119311 119315 100
119311 119318 100
119311 119323 100
119311 119324 100
119311 119325 100
119311 119328 100
119311 119329 100
119311 119330 100
119311 119336 100
119311 119337 100
119311 119338 100
119311 119341 100
119311 119343 100
119311 119346 100
119311 119349 100
119311 119350 100
119311 119352 100
119311 119356 100
119311 119357 100
119320 119310 100
119320 119314 100
119320 119315 100
119320 119318 100
119320 119323 100
119320 119324 100
119320 119325 100
119320 119328 100
119320 119329 100
119320 119330 100
119320 119336 100
119320 119337 100
119320 119338 100
119320 119341 100
119320 119343 100
119320 119346 100
119320 119349 100
119320 119350 100
119320 119352 100
119320 119356 100
119320 119357 100
119326 119310 100
119326 119314 100
119326 119315 100
119326 119318 100
119326 119323 100
119326 119324 100
119326 119325 100
119326 119328 100
119326 119329 100
119326 119330 100
119326 119336 100
119326 119337 100
119326 119338 100
119326 119341 100
119326 119343 100
119326 119346 100
119326 119349 100
119326 119350 100
119326 119352 100
119326 119356 100
119326 119357 100
119331 119310 100
119331 119314 100
119331 119315 100
119331 119318 100
119331 119323 100
119331 119324 100
119331 119325 100
119331 119328 100
119331 119329 100
119331 119330 100
119331 119336 100
119331 119337 100
119331 119338 100
119331 119341 100
119331 119343 100
119331 119346 100
119331 119349 100
119331 119350 100
119331 119352 100
119331 119356 100
119331 119357 100
119339 119310 100
119339 119314 100
119339 119315 100
119339 119318 100
119339 119323 100
119339 119324 100
119339 119325 100
119339 119328 100
119339 119329 100
119339 119330 100
119339 119336 100
119339 119337 100
119339 119338 100
119339 119341 100
119339 119343 100
119339 119346 100
119339 119349 100
119339 119350 100
119339 119352 100
119339 119356 100
119339 119357 100
119347 119310 100
119347 119314 100
119347 119315 100
119347 119318 100
119347 119323 100
119347 119324 100
119347 119325 100
119347 119328 100
119347 119329 100
119347 119330 100
119347 119336 100
119347 119337 100
119347 119338 100
119347 119341 100
119347 119343 100
119347 119346 100
119347 119349 100
119347 119350 100
119347 119352 100
119347 119356 100
119347 119357 100
119355 119310 100
119355 119314 100
119355 119315 100
119355 119318 100
119355 119323 100
119355 119324 100
119355 119325 100
119355 119328 100
119355 119329 100
119355 119330 100
119355 119336 100
119355 119337 100
119355 119338 100
119355 119341 100
119355 119343 100
119355 119346 100
119355 119349 100
119355 119350 100
119355 119352 100
119355 119356 100
119355 119357 100
119377 119387 100
119377 119389 100
119377 119396 100
119377 119406 100
119377 119409 100
119377 119412 100
119377 119413 100
119377 119414 100
119377 119418 100
119377 119420 100
119377 119421 100
119394 119387 100
119394 119389 100
119394 119396 100
119394 119406 100
119394 119409 100
119394 119412 100
119394 119413 100
119394 119414 100
119394 119418 100
119394 119420 100
119394 119421 100
119402 119387 100
119402 119389 100
119402 119396 100
119402 119406 100
119402 119409 100
119402 119412 100
119402 119413 100
119402 119414 100
119402 119418 100
119402 119420 100
119402 119421 100
119410 119387 100
119410 119389 100
119410 119396 100
119410 119406 100
119410 119409 100
119410 119412 100
119410 119413 100
119410 119414 100
119410 119418 100
119410 119420 100
119410 119421 100
119417 119387 100
119417 119389 100
119417 119396 100
119417 119406 100
119417 119409 100
119417 119412 100
119417 119413 100
119417 119414 100
119417 119418 100
119417 119420 100
119417 119421 100
119422 119387 100
119422 119389 100
119422 119396 100
119422 119406 100
119422 119409 100
119422 119412 100
119422 119413 100
119422 119414 100
119422 119418 100
119422 119420 100
119422 119421 100
119441 119431 100
119441 119435 100
119441 119444 100
119441 119449 100
119441 119450 100
119441 119451 100
119441 119453 100
119441 119455 100
119441 119456 100
119441 119459 100
119441 119463 100
119441 119466 100
119441 119468 100
119441 119471 100
119441 119473 100
119441 119484 100
119448 119431 100
119448 119435 100
119448 119444 100
119448 119449 100
119448 119450 100
119448 119451 100
119448 119453 100
119448 119455 100
119448 119456 100
119448 119459 100
119448 119463 100
119448 119466 100
119448 119468 100
119448 119471 100
119448 119473 100
119448 119484 100
119452 119431 100
119452 119435 100
119452 119444 100
119452 119449 100
119452 119450 100
119452 119451 100
119452 119453 100
119452 119455 100
119452 119456 100
119452 119459 100
119452 119463 100
119452 119466 100
119452 119468 100
119452 119471 100
119452 119473 100
119452 119484 100
119457 119431 100
119457 119435 100
119457 119444 100
119457 119449 100
119457 119450 100
119457 119451 100
119457 119453 100
119457 119455 100
119457 119456 100
119457 119459 100
119457 119463 100
119457 119466 100
119457 119468 100
119457 119471 100
119457 119473 100
119457 119484 100
119467 119431 100
119467 119435 100
119467 119444 100
119467 119449 100
119467 119450 100
119467 119451 100
119467 119453 100
119467 119455 100
119467 119456 100
119467 119459 100
119467 119463 100
119467 119466 100
119467 119468 100
119467 119471 100
119467 119473 100
119467 119484 100
119476 119447 100
119476 119477 100
119503 119490 100
119503 119491 100
119503 119494 100
119510 119506 100
119510 119507 100
119510 119514 100
119510 119519 100
119510 119524 100
119510 119525 100
119510 119526 100
119528 119531 100
119528 119545 100
119528 119550 100
119528 119551 100
119528 119554 100
119528 119561 100
119549 119531 100
119549 119545 100
119549 119550 100
119549 119551 100
119549 119554 100
119549 119561 100
119555 119533 100
119568 119564 100
119568 119565 100
119568 119572 100
119568 119573 100
119568 119575 100
119568 124416 100
119577 119564 100
119577 119565 100
119577 119572 100
119577 119573 100
119577 119575 100
119577 124416 100
119644 119638 100
119644 119641 100
119644 119642 100
119644 119651 100
119644 119656 100
119644 119661 100
119644 119663 100
119644 119673 100
119644 119675 100
119644 119681 100
119644 119686 100
119644 119689 100
119644 119692 100
119662 119638 100
119662 119641 100
119662 119642 100
119662 119651 100
119662 119656 100
119662 119661 100
119662 119663 100
119662 119673 100
119662 119675 100
119662 119681 100
119662 119686 100
119662 119689 100
119662 119692 100
119674 119638 100
119674 119641 100
119674 119642 100
119674 119651 100
119674 119656 100
119674 119661 100
119674 119663 100
119674 119673 100
119674 119675 100
119674 119681 100
119674 119686 100
119674 119689 100
119674 119692 100
119687 119638 100
119687 119641 100
119687 119642 100
119687 119651 100
119687 119656 100
119687 119661 100
119687 119663 100
119687 119673 100
119687 119675 100
119687 119681 100
119687 119686 100
119687 119689 100
119687 119692 100
119706 119717 100
119851 119847 100
119851 119868 100
119875 119847 100
119875 119868 100
120051 120044 100
120051 120049 100
120077 120044 100
120077 120049 100
120314 120327 100
120314 120335 100
120354 120327 100
120354 120335 100
120427 120423 100
120427 120437 100
120538 120540 100
120538 120542 100
120538 120544 100
120538 120545 100
120538 120546 100
120538 120551 100
120538 120552 100
120538 120555 100
120538 124505 100
120538 124507 100
120538 150630 100
120543 120541 100
120543 120550 100
120549 120540 100
120549 120542 100
120549 120544 100
120549 120545 100
120549 120546 100
120549 120551 100
120549 120552 100
120549 120555 100
120549 124505 100
120549 124507 100
120549 150630 100
120553 120540 100
120553 120542 100
120553 120544 100
120553 120545 100
120553 120546 100
120553 120551 100
120553 120552 100
120553 120555 100
120553 124505 100
120553 124507 100
120553 150630 100
120632 120633 100
121101 121079 100
121101 121212 100
121228 121079 100
121228 121212 100
121354 121338 100
121354 121340 100
121354 121341 100
121354 121355 100
121354 121357 100
121354 121361 100
121354 121373 100
121354 121374 100
121354 121380 100
121354 121382 100
121366 121338 100
121366 121340 100
121366 121341 100
121366 121355 100
121366 121357 100
121366 121361 100
121366 121373 100
121366 121374 100
121366 121380 100
121366 121382 100
121381 121338 100
121381 121340 100
121381 121341 100
121381 121355 100
121381 121357 100
121381 121361 100
121381 121373 100
121381 121374 100
121381 121380 100
121381 121382 100
121709 121745 100
122050 122052 100
122050 122062 100
122413 122417 100
122586 122587 100
122586 124739 100
122814 122802 100
122814 122813 100
122833 122834 100
122833 122837 100
122917 122920 100
122967 122958 100
122967 122972 100
122967 124803 100
122967 124805 100
123023 123019 100
123044 124814 100
123353 123352 100
123545 123551 100
123609 123613 100
123609 123615 100
123788 123789 100
123985 123971 100
124350 118892 100
124350 118895 100
124350 118897 100
124350 118898 100
124350 124352 100
124370 119143 100
124370 119144 100
124370 119150 100
124370 124369 100
124407 119506 100
124407 119507 100
124407 119514 100
124407 119519 100
124407 119524 100
124407 119525 100
124407 119526 100
124603 124590 100
124801 122958 100
124801 122972 100
124801 124803 100
124801 124805 100
125924 125930 100
125924 125934 100
126009 126005 100
126009 126008 100
126009 126011 100
126009 126013 100
126009 126018 100
126009 126020 100
126009 126026 100
126009 126030 100
126014 126005 100
126014 126008 100
126014 126011 100
126014 126013 100
126014 126018 100
126014 126020 100
126014 126026 100
126014 126030 100
126027 126005 100
126027 126008 100
126027 126011 100
126027 126013 100
126027 126018 100
126027 126020 100
126027 126026 100
126027 126030 100
127676 127683 100
127957 127958 100
127957 127959 100
128074 128079 100
128074 128082 100
128074 128086 100
128074 128087 100
128083 128079 100
128083 128082 100
128083 128086 100
128083 128087 100
128102 128092 100
128503 128502 100
128503 128509 100
128676 128680 100
128866 128863 100
129010 128996 100
129010 129006 100
129010 129009 100
129083 129073 100
129083 129111 100
129083 129127 100
129150 129144 100
129180 129184 100
129333 129383 100
129358 129357 100
129373 129365 100
129373 129371 100
129373 129374 100
129373 129376 100
129522 129526 100
129595 129593 100
129634 129630 100
129634 129633 100
129634 129635 100
129634 129636 100
129671 129668 100
129671 129669 100
129757 129759 100
129757 129767 100
130008 130005 100
130008 130007 100
130008 130009 100
130008 130011 100
130008 130017 100
130012 130005 100
130012 130007 100
130012 130009 100
130012 130011 100
130012 130017 100
130331 130323 100
130331 130332 100
130367 130374 100
130367 130380 100
130504 130502 100
130504 130503 100
130504 130505 100
130504 130510 100
130530 130521 100
130530 130525 100
130530 130531 100
130530 130532 100
130537 130536 100
130537 130538 100
130559 130560 100
130614 130616 100
130947 130941 100
130947 130943 100
131101 131107 100
131101 131156 100
131101 131163 100
131101 131165 100
131118 131108 100
131265 131249 100
131265 131259 100
131265 131278 100
131265 131290 100
131265 131292 100
131315 131319 100
131413 131355 100
131413 131366 100
131413 131376 100
131413 131390 100
131413 131399 100
131413 131410 100
131843 131907 100
132963 132973 100
132963 132975 100
132963 132978 100
132963 132980 100
132979 132973 100
132979 132975 100
132979 132978 100
132979 132980 100
133280 133222 100
133280 133289 100
133518 133515 100
133518 133519 100
133518 133521 100
133518 133533 100
133518 133543 100
133518 133545 100
133518 133547 100
133542 133515 100
133542 133519 100
133542 133521 100
133542 133533 100
133542 133543 100
133542 133545 100
133542 133547 100
133800 133770 100
133800 133777 100
133800 133791 100
133800 133798 100
133800 133799 100
133800 133804 100
133800 133809 100
133800 133812 100
133800 133821 100
133800 133825 100
133810 133770 100
133810 133777 100
133810 133791 100
133810 133798 100
133810 133799 100
133810 133804 100
133810 133809 100
133810 133812 100
133810 133821 100
133810 133825 100
133826 133770 100
133826 133777 100
133826 133791 100
133826 133798 100
133826 133799 100
133826 133804 100
133826 133809 100
133826 133812 100
133826 133821 100
133826 133825 100
133847 133844 100
133847 133845 100
133847 133846 100
133847 133848 100
133847 133849 100
133847 133850 100
133847 133867 100
133847 133868 100
133847 133871 100
133847 133875 100
133847 133883 100
133847 133887 100
133853 133844 100
133853 133845 100
133853 133846 100
133853 133848 100
133853 133849 100
133853 133850 100
133853 133867 100
133853 133868 100
133853 133871 100
133853 133875 100
133853 133883 100
133853 133887 100
133869 133844 100
133869 133845 100
133869 133846 100
133869 133848 100
133869 133849 100
133869 133850 100
133869 133867 100
133869 133868 100
133869 133871 100
133869 133875 100
133869 133883 100
133869 133887 100
133884 133844 100
133884 133845 100
133884 133846 100
133884 133848 100
133884 133849 100
133884 133850 100
133884 133867 100
133884 133868 100
133884 133871 100
133884 133875 100
133884 133883 100
133884 133887 100
133972 133961 100
133972 133983 100
134197 134195 100
134197 134196 100
134197 134200 100
134197 134202 100
134197 134204 100
134197 134207 100
134197 134208 100
134197 134210 100
134197 134218 100
134205 134195 100
134205 134196 100
134205 134200 100
134205 134202 100
134205 134204 100
134205 134207 100
134205 134208 100
134205 134210 100
134205 134218 100
134211 134195 100
134211 134196 100
134211 134200 100
134211 134202 100
134211 134204 100
134211 134207 100
134211 134208 100
134211 134210 100
134211 134218 100
134674 134668 100
134674 134671 100
134674 134673 100
134823 134828 100
134952 134951 100
135094 135092 100
135094 135093 100
135964 135965 100
135964 135967 100
136352 136354 100
136352 136358 100
136352 136361 100
136364 136354 100
136364 136358 100
136364 136361 100
136576 136570 100
136576 136572 100
136602 136598 100
136614 136605 100
136614 136612 100
136614 136616 100
136614 136626 100
136732 136734 100
136732 136736 100
136774 136772 100
136849 136850 100
136849 136851 100
136849 136852 100
136849 136854 100
136849 136856 100
136853 136850 100
136853 136851 100
136853 136852 100
136853 136854 100
136853 136856 100
136861 136859 100
136861 136862 100
136930 136926 100
136930 136928 100
137078 137084 100
137078 137087 100
137078 137088 100
137089 137092 100
137089 137096 100
137089 137100 100
137110 137113 100
137140 137134 100
137140 137138 100
137350 137352 100
137395 137398 100
137395 137404 100
137395 260246 100
137395 260252 100
137408 137398 100
137408 137404 100
137408 260246 100
137408 260252 100
137450 137451 100
137450 137469 100
137477 137480 100
137477 137481 100
137477 137485 100
137477 137487 100
137484 137480 100
137484 137481 100
137484 137485 100
137484 137487 100
137493 137491 100
137643 137645 100
137643 137646 100
137643 137647 100
137643 137651 100
137650 137645 100
137650 137646 100
137650 137647 100
137650 137651 100
137925 137929 100
137939 137954 100
137939 137956 100
137950 137936 100
137950 137938 100
137950 137940 100
137950 137941 100
137950 137948 100
138015 138010 100
138015 138011 100
138015 138025 100
138015 138033 100
138042 138047 100
138042 138050 100
138132 138130 100
138132 138148 100
138132 138159 100
138177 138172 100
138177 138173 100
138177 138175 100
138177 138181 100
138177 138182 100
138177 138184 100
138186 138172 100
138186 138173 100
138186 138175 100
138186 138181 100
138186 138182 100
138186 138184 100
138429 138424 100
138628 138631 100
138830 138820 100
138881 138889 100
139161 139152 100
139161 139156 100
139200 139199 100
139200 139202 100
139200 139207 100
139200 139210 100
139200 139215 100
139200 139216 100
139214 139199 100
139214 139202 100
139214 139207 100
139214 139210 100
139214 139215 100
139214 139216 100
139223 139231 100
139333 139368 100
139352 139332 100
139352 139334 100
139352 139347 100
139582 139567 100
139760 139740 100
139760 139746 100
139792 139795 100
139898 139900 100
139959 139945 100
139959 139946 100
139975 139979 100
139987 139970 100
140138 140137 100
140138 140142 100
140138 140146 100
140156 140161 100
140175 140172 100
150562 150563 100
150562 150564 100
150562 150565 100
150568 150570 100
150629 120541 100
150629 120550 100
150649 150647 100
150649 150648 100
150664 150653 100
150664 150658 100
150664 150660 100
150664 150665 100
150664 150669 100
150664 150670 100
150664 150676 100
150664 150678 100
150671 150653 100
150671 150658 100
150671 150660 100
150671 150665 100
150671 150669 100
150671 150670 100
150671 150676 100
150671 150678 100
152218 150653 100
152218 150658 100
152218 150660 100
152218 150665 100
152218 150669 100
152218 150670 100
152218 150676 100
152218 150678 100
175227 175199 100
175227 175238 100
175227 175252 100
175227 175330 100
175227 175339 100
175227 175343 100
175227 175347 100
175227 175361 100
175249 175199 100
175249 175238 100
175249 175252 100
175249 175330 100
175249 175339 100
175249 175343 100
175249 175347 100
175249 175361 100
175388 175376 100
175388 175386 100
175737 175741 100
175737 175743 100
175737 175749 100
175737 176101 100
175737 176102 100
175737 176163 100
175737 176164 100
175737 176165 100
175737 176174 100
175747 175745 100
175747 175748 100
175747 176112 100
175747 176137 100
175747 176169 100
176098 175741 100
176098 175743 100
176098 175749 100
176098 176101 100
176098 176102 100
176098 176163 100
176098 176164 100
176098 176165 100
176098 176174 100
176161 175741 100
176161 175743 100
176161 175749 100
176161 176101 100
176161 176102 100
176161 176163 100
176161 176164 100
176161 176165 100
176161 176174 100
176166 175741 100
176166 175743 100
176166 175749 100
176166 176101 100
176166 176102 100
176166 176163 100
176166 176164 100
176166 176165 100
176166 176174 100
176187 176191 100
176187 176200 100
176187 176204 100
176187 176211 100
176187 176213 100
176187 176225 100
176187 176226 100
176187 176230 100
176209 176191 100
176209 176200 100
176209 176204 100
176209 176211 100
176209 176213 100
176209 176225 100
176209 176226 100
176209 176230 100
176224 176191 100
176224 176200 100
176224 176204 100
176224 176211 100
176224 176213 100
176224 176225 100
176224 176226 100
176224 176230 100
260253 137398 100
260253 137404 100
260253 260246 100
260253 260252 100
297608 297606 100
297608 297609 100
297608 297614 100
297608 297618 100
328319 328323 100
439124 443924 100
443909 443924 100
601512 601511 100
612375 612349 100
709447 709432 100
737528 737583 100
737528 737633 100
