0 15707612
1 0
2 0
3 0
4 0
5 0
6 0
7 153
8 2991
9 20824
10 70954
11 280091
12 325414
13 742887
14 88603
15 150103
16 43402
17 6612
18 512
19 9625
20 4561
21 0
22 158029
23 675
24 43266
25 735305
26 0
27 4573
28 1767
29 36830
30 1720
31 5052
32 8931
33 0
34 2603
35 5
36 5418
37 953
38 156045
39 1
40 569
41 0
42 0
43 12648
44 0
45 131
46 0
47 67
48 2991
49 0
50 66853
51 0
52 0
53 16
54 36
55 226
56 50
57 0
58 490
59 2
60 45
61 1
62 4
63 45081
64 502
65 1
66 0
67 235
68 0
69 4
70 10
71 101
72 132
73 0
74 301
75 345
76 0
77 5
78 39
79 0
80 4
81 0
82 0
83 48
84 4
85 3
86 2
87 0
88 1234
89 1
90 0
91 51
92 0
93 0
94 0
95 5
96 0
97 0
98 0
99 0
100 0
101 2246
