104717 104712 100
104720 104717 100
104720 104712 100
104741 104739 100
104744 104741 100
104744 104739 100
105180 105178 100
105302 105301 100
105303 105302 100
105303 105301 100
105470 105469 100
105471 105463 100
105546 105544 100
105548 105546 100
105548 105544 100
105551 105548 100
105551 105546 100
105551 105544 100
105614 105612 100
105734 105730 100
105737 105734 100
105737 105730 100
106634 106629 100
106722 106706 100
106729 106719 100
106748 106732 100
106820 106817 100
106997 106996 100
107032 107031 100
107052 107047 100
107080 107071 100
107086 107085 100
107087 107086 100
107087 107085 100
107089 107087 100
107089 107086 100
107089 107085 100
107090 107089 100
107090 107087 100
107090 107086 100
107090 107085 100
107136 107134 100
107143 107136 100
107143 107134 100
107274 107271 100
107275 107274 100
107275 107271 100
107278 107275 100
107278 107274 100
107278 107271 100
107441 107438 100
107445 107441 100
107445 107438 100
107457 107445 100
107457 107441 100
107457 107438 100
107472 107470 100
107476 107472 100
107476 107470 100
107559 107529 100
107565 107559 100
107565 107529 100
107871 107862 100
107872 107871 100
107872 107862 100
107874 107872 100
107874 107871 100
107874 107862 100
107875 107874 100
107875 107872 100
107875 107871 100
107875 107862 100
107876 107875 100
107876 107874 100
107876 107872 100
107876 107871 100
107876 107862 100
107878 107876 100
107878 107875 100
107878 107874 100
107878 107872 100
107878 107871 100
107878 107862 100
107885 107883 100
107990 107988 100
108069 108068 100
108082 108069 100
108082 108068 100
108176 108171 100
108179 108176 100
108179 108171 100
108185 108179 100
108185 108176 100
108185 108171 100
108208 108207 100
108214 108208 100
108214 108207 100
108216 108214 100
108216 108208 100
108216 108207 100
108258 108247 100
108363 108361 100
108368 108363 100
108368 108361 100
108386 108375 100
108449 108445 100
108487 108475 100
108505 108504 100
108674 108664 100
108676 108674 100
108676 108664 100
108892 108888 100
108905 108892 100
108905 108888 100
108907 108905 100
108907 108892 100
108907 108888 100
108943 108934 100
109070 109031 100
109239 109236 100
109282 109279 100
109284 109281 100
109531 109528 100
109533 109531 100
109533 109528 100
109542 109533 100
109542 109531 100
109542 109528 100
109545 109542 100
109545 109533 100
109545 109531 100
109545 109528 100
109554 109545 100
109554 109542 100
109554 109533 100
109554 109531 100
109554 109528 100
109592 109586 100
109599 109592 100
109599 109586 100
109608 109599 100
109608 109592 100
109608 109586 100
109621 109608 100
109621 109599 100
109621 109592 100
109621 109586 100
109626 109621 100
109626 109608 100
109626 109599 100
109626 109592 100
109626 109586 100
109791 109788 100
109802 109795 100
110122 110121 100
110215 110210 100
110216 110215 100
110216 110210 100
110271 110268 100
110459 110456 100
110480 110459 100
110480 110456 100
110485 110480 100
110485 110459 100
110485 110456 100
110486 110485 100
110486 110480 100
110486 110459 100
110486 110456 100
110497 110491 100
110569 110567 100
110586 110569 100
110586 110567 100
110824 110821 100
111341 111339 100
111392 111387 100
111398 111392 100
111398 111387 100
111399 111398 100
111399 111392 100
111399 111387 100
111411 111410 100
111413 111411 100
111413 111410 100
111418 111413 100
111418 111411 100
111418 111410 100
111419 111418 100
111419 111413 100
111419 111411 100
111419 111410 100
111420 111419 100
111420 111418 100
111420 111413 100
111420 111411 100
111420 111410 100
111421 111420 100
111421 111419 100
111421 111418 100
111421 111413 100
111421 111411 100
111421 111410 100
111423 111421 100
111423 111420 100
111423 111419 100
111423 111418 100
111423 111413 100
111423 111411 100
111423 111410 100
111622 111621 100
111623 111622 100
111623 111621 100
111626 111623 100
111626 111622 100
111626 111621 100
111692 111681 100
111696 111694 100
111735 111734 100
111736 111735 100
111736 111734 100
111738 111736 100
111738 111735 100
111738 111734 100
111739 111738 100
111739 111736 100
111739 111735 100
111739 111734 100
111740 111739 100
111740 111738 100
111740 111736 100
111740 111735 100
111740 111734 100
111772 111770 100
111778 111772 100
111778 111770 100
111824 111823 100
111874 111871 100
111876 111874 100
111876 111871 100
111879 111876 100
111879 111874 100
111879 111871 100
111880 111879 100
111880 111876 100
111880 111874 100
111880 111871 100
111886 111880 100
111886 111879 100
111886 111876 100
111886 111874 100
111886 111871 100
111887 111886 100
111887 111880 100
111887 111879 100
111887 111876 100
111887 111874 100
111887 111871 100
111888 111887 100
111888 111886 100
111888 111880 100
111888 111879 100
111888 111876 100
111888 111874 100
111888 111871 100
111889 111888 100
111889 111887 100
111889 111886 100
111889 111880 100
111889 111879 100
111889 111876 100
111889 111874 100
111889 111871 100
111897 111894 100
111900 111897 100
111900 111894 100
111963 111956 100
111965 111963 100
111965 111956 100
111966 111965 100
111966 111963 100
111966 111956 100
111968 111966 100
111968 111965 100
111968 111963 100
111968 111956 100
112097 112095 100
112456 112446 100
112745 112743 100
112893 112891 100
112894 112893 100
112894 112891 100
112897 112894 100
112897 112893 100
112897 112891 100
112898 112897 100
112898 112894 100
112898 112893 100
112898 112891 100
112900 112898 100
112900 112897 100
112900 112894 100
112900 112893 100
112900 112891 100
112940 112934 100
112942 112937 100
114001 113999 100
114191 114188 100
114220 114216 100
114221 114220 100
114221 114216 100
114343 114342 100
114384 114382 100
114398 114397 100
114399 114398 100
114399 114397 100
114408 114407 100
114458 114457 100
114460 114458 100
114460 114457 100
114511 114505 100
114512 114511 100
114512 114505 100
114514 114512 100
114514 114511 100
114514 114505 100
114517 114516 100
114555 114553 100
114571 114569 100
114575 114573 100
114579 114578 100
114580 114579 100
114580 114578 100
114584 114583 100
114606 114604 100
114621 114620 100
114624 114621 100
114624 114620 100
114625 114624 100
114625 114621 100
114625 114620 100
114638 114636 100
114639 114638 100
114639 114636 100
114641 114639 100
114641 114638 100
114641 114636 100
114666 114665 100
114667 114666 100
114667 114665 100
114668 114667 100
114668 114666 100
114668 114665 100
114669 114668 100
114669 114667 100
114669 114666 100
114669 114665 100
114676 114674 100
114677 114676 100
114677 114674 100
114690 114687 100
114693 114691 100
114695 114693 100
114695 114691 100
114697 114695 100
114697 114693 100
114697 114691 100
114703 114701 100
114727 114722 100
114728 114727 100
114728 114722 100
114729 114728 100
114729 114727 100
114729 114722 100
114751 114750 100
114760 114756 100
114761 114760 100
114761 114756 100
114783 114781 100
114785 114783 100
114785 114781 100
114786 114785 100
114786 114783 100
114786 114781 100
114794 114793 100
114814 114811 100
114818 114816 100
114821 114820 100
114823 114821 100
114823 114820 100
114825 114823 100
114825 114821 100
114825 114820 100
114829 114827 100
114831 114829 100
114831 114827 100
114832 114831 100
114832 114829 100
114832 114827 100
114833 114832 100
114833 114831 100
114833 114829 100
114833 114827 100
114836 114833 100
114836 114832 100
114836 114831 100
114836 114829 100
114836 114827 100
114843 114838 100
114846 114844 100
114867 114864 100
114868 114867 100
114868 114864 100
114874 114872 100
114883 114880 100
114896 114894 100
114897 114896 100
114897 114894 100
114909 114906 100
114916 114914 100
114927 114916 100
114927 114914 100
114931 114927 100
114931 114916 100
114931 114914 100
114946 114945 100
114947 114946 100
114947 114945 100
114962 114961 100
114964 114962 100
114964 114961 100
114967 114964 100
114967 114962 100
114967 114961 100
114991 114987 100
114992 114991 100
114992 114987 100
114994 114992 100
114994 114991 100
114994 114987 100
114995 114994 100
114995 114992 100
114995 114991 100
114995 114987 100
115169 115167 100
115177 115176 100
115178 115177 100
115178 115176 100
115179 115178 100
115179 115177 100
115179 115176 100
115180 115179 100
115180 115178 100
115180 115177 100
115180 115176 100
115199 115180 100
115199 115179 100
115199 115178 100
115199 115177 100
115199 115176 100
115202 115201 100
115206 115205 100
115208 115206 100
115208 115205 100
115211 115208 100
115211 115206 100
115211 115205 100
115213 115211 100
115213 115208 100
115213 115206 100
115213 115205 100
115218 115213 100
115218 115211 100
115218 115208 100
115218 115206 100
115218 115205 100
115219 115218 100
115219 115213 100
115219 115211 100
115219 115208 100
115219 115206 100
115219 115205 100
115221 115219 100
115221 115218 100
115221 115213 100
115221 115211 100
115221 115208 100
115221 115206 100
115221 115205 100
115222 115221 100
115222 115219 100
115222 115218 100
115222 115213 100
115222 115211 100
115222 115208 100
115222 115206 100
115222 115205 100
115230 115225 100
115233 115222 100
115233 115221 100
115233 115219 100
115233 115218 100
115233 115213 100
115233 115211 100
115233 115208 100
115233 115206 100
115233 115205 100
115235 115233 100
115235 115222 100
115235 115221 100
115235 115219 100
115235 115218 100
115235 115213 100
115235 115211 100
115235 115208 100
115235 115206 100
115235 115205 100
115257 115235 100
115257 115233 100
115257 115222 100
115257 115221 100
115257 115219 100
115257 115218 100
115257 115213 100
115257 115211 100
115257 115208 100
115257 115206 100
115257 115205 100
115386 115385 100
115391 115387 100
115495 115494 100
115498 115495 100
115498 115494 100
115499 115498 100
115499 115495 100
115499 115494 100
115667 115666 100
115669 115667 100
115669 115666 100
115716 115714 100
115733 115731 100
115875 115874 100
115876 115875 100
115876 115874 100
115883 115876 100
115883 115875 100
115883 115874 100
115884 115883 100
115884 115876 100
115884 115875 100
115884 115874 100
115885 115884 100
115885 115883 100
115885 115876 100
115885 115875 100
115885 115874 100
115887 115885 100
115887 115884 100
115887 115883 100
115887 115876 100
115887 115875 100
115887 115874 100
115889 115887 100
115889 115885 100
115889 115884 100
115889 115883 100
115889 115876 100
115889 115875 100
115889 115874 100
115891 115889 100
115891 115887 100
115891 115885 100
115891 115884 100
115891 115883 100
115891 115876 100
115891 115875 100
115891 115874 100
115896 115891 100
115896 115889 100
115896 115887 100
115896 115885 100
115896 115884 100
115896 115883 100
115896 115876 100
115896 115875 100
115896 115874 100
115897 115896 100
115897 115891 100
115897 115889 100
115897 115887 100
115897 115885 100
115897 115884 100
115897 115883 100
115897 115876 100
115897 115875 100
115897 115874 100
115900 115897 100
115900 115896 100
115900 115891 100
115900 115889 100
115900 115887 100
115900 115885 100
115900 115884 100
115900 115883 100
115900 115876 100
115900 115875 100
115900 115874 100
115901 115900 100
115901 115897 100
115901 115896 100
115901 115891 100
115901 115889 100
115901 115887 100
115901 115885 100
115901 115884 100
115901 115883 100
115901 115876 100
115901 115875 100
115901 115874 100
115903 115901 100
115903 115900 100
115903 115897 100
115903 115896 100
115903 115891 100
115903 115889 100
115903 115887 100
115903 115885 100
115903 115884 100
115903 115883 100
115903 115876 100
115903 115875 100
115903 115874 100
115904 115903 100
115904 115901 100
115904 115900 100
115904 115897 100
115904 115896 100
115904 115891 100
115904 115889 100
115904 115887 100
115904 115885 100
115904 115884 100
115904 115883 100
115904 115876 100
115904 115875 100
115904 115874 100
115905 115904 100
115905 115903 100
115905 115901 100
115905 115900 100
115905 115897 100
115905 115896 100
115905 115891 100
115905 115889 100
115905 115887 100
115905 115885 100
115905 115884 100
115905 115883 100
115905 115876 100
115905 115875 100
115905 115874 100
115908 115905 100
115908 115904 100
115908 115903 100
115908 115901 100
115908 115900 100
115908 115897 100
115908 115896 100
115908 115891 100
115908 115889 100
115908 115887 100
115908 115885 100
115908 115884 100
115908 115883 100
115908 115876 100
115908 115875 100
115908 115874 100
115909 115908 100
115909 115905 100
115909 115904 100
115909 115903 100
115909 115901 100
115909 115900 100
115909 115897 100
115909 115896 100
115909 115891 100
115909 115889 100
115909 115887 100
115909 115885 100
115909 115884 100
115909 115883 100
115909 115876 100
115909 115875 100
115909 115874 100
115915 115909 100
115915 115908 100
115915 115905 100
115915 115904 100
115915 115903 100
115915 115901 100
115915 115900 100
115915 115897 100
115915 115896 100
115915 115891 100
115915 115889 100
115915 115887 100
115915 115885 100
115915 115884 100
115915 115883 100
115915 115876 100
115915 115875 100
115915 115874 100
115917 115915 100
115917 115909 100
115917 115908 100
115917 115905 100
115917 115904 100
115917 115903 100
115917 115901 100
115917 115900 100
115917 115897 100
115917 115896 100
115917 115891 100
115917 115889 100
115917 115887 100
115917 115885 100
115917 115884 100
115917 115883 100
115917 115876 100
115917 115875 100
115917 115874 100
115919 115917 100
115919 115915 100
115919 115909 100
115919 115908 100
115919 115905 100
115919 115904 100
115919 115903 100
115919 115901 100
115919 115900 100
115919 115897 100
115919 115896 100
115919 115891 100
115919 115889 100
115919 115887 100
115919 115885 100
115919 115884 100
115919 115883 100
115919 115876 100
115919 115875 100
115919 115874 100
115921 115919 100
115921 115917 100
115921 115915 100
115921 115909 100
115921 115908 100
115921 115905 100
115921 115904 100
115921 115903 100
115921 115901 100
115921 115900 100
115921 115897 100
115921 115896 100
115921 115891 100
115921 115889 100
115921 115887 100
115921 115885 100
115921 115884 100
115921 115883 100
115921 115876 100
115921 115875 100
115921 115874 100
115922 115921 100
115922 115919 100
115922 115917 100
115922 115915 100
115922 115909 100
115922 115908 100
115922 115905 100
115922 115904 100
115922 115903 100
115922 115901 100
115922 115900 100
115922 115897 100
115922 115896 100
115922 115891 100
115922 115889 100
115922 115887 100
115922 115885 100
115922 115884 100
115922 115883 100
115922 115876 100
115922 115875 100
115922 115874 100
115924 115922 100
115924 115921 100
115924 115919 100
115924 115917 100
115924 115915 100
115924 115909 100
115924 115908 100
115924 115905 100
115924 115904 100
115924 115903 100
115924 115901 100
115924 115900 100
115924 115897 100
115924 115896 100
115924 115891 100
115924 115889 100
115924 115887 100
115924 115885 100
115924 115884 100
115924 115883 100
115924 115876 100
115924 115875 100
115924 115874 100
115926 115924 100
115926 115922 100
115926 115921 100
115926 115919 100
115926 115917 100
115926 115915 100
115926 115909 100
115926 115908 100
115926 115905 100
115926 115904 100
115926 115903 100
115926 115901 100
115926 115900 100
115926 115897 100
115926 115896 100
115926 115891 100
115926 115889 100
115926 115887 100
115926 115885 100
115926 115884 100
115926 115883 100
115926 115876 100
115926 115875 100
115926 115874 100
115927 115926 100
115927 115924 100
115927 115922 100
115927 115921 100
115927 115919 100
115927 115917 100
115927 115915 100
115927 115909 100
115927 115908 100
115927 115905 100
115927 115904 100
115927 115903 100
115927 115901 100
115927 115900 100
115927 115897 100
115927 115896 100
115927 115891 100
115927 115889 100
115927 115887 100
115927 115885 100
115927 115884 100
115927 115883 100
115927 115876 100
115927 115875 100
115927 115874 100
115961 115958 100
115963 115961 100
115963 115958 100
115967 115963 100
115967 115961 100
115967 115958 100
115968 115967 100
115968 115963 100
115968 115961 100
115968 115958 100
115983 115974 100
115991 115983 100
115991 115974 100
115993 115991 100
115993 115983 100
115993 115974 100
115994 115993 100
115994 115991 100
115994 115983 100
115994 115974 100
115995 115994 100
115995 115993 100
115995 115991 100
115995 115983 100
115995 115974 100
115998 115995 100
115998 115994 100
115998 115993 100
115998 115991 100
115998 115983 100
115998 115974 100
116008 115998 100
116008 115995 100
116008 115994 100
116008 115993 100
116008 115991 100
116008 115983 100
116008 115974 100
116092 116091 100
116126 116108 100
116127 116126 100
116127 116108 100
116130 116127 100
116130 116126 100
116130 116108 100
116135 116130 100
116135 116127 100
116135 116126 100
116135 116108 100
116140 116135 100
116140 116130 100
116140 116127 100
116140 116126 100
116140 116108 100
116141 116140 100
116141 116135 100
116141 116130 100
116141 116127 100
116141 116126 100
116141 116108 100
116143 116141 100
116143 116140 100
116143 116135 100
116143 116130 100
116143 116127 100
116143 116126 100
116143 116108 100
116146 116143 100
116146 116141 100
116146 116140 100
116146 116135 100
116146 116130 100
116146 116127 100
116146 116126 100
116146 116108 100
116151 116150 100
116152 116151 100
116152 116150 100
116155 116154 100
116159 116152 100
116159 116151 100
116159 116150 100
116160 116159 100
116160 116152 100
116160 116151 100
116160 116150 100
116163 116160 100
116163 116159 100
116163 116152 100
116163 116151 100
116163 116150 100
116177 116175 100
116178 116173 100
116179 116177 100
116179 116175 100
116182 116178 100
116182 116173 100
116185 116179 100
116185 116177 100
116185 116175 100
116188 116185 100
116188 116179 100
116188 116177 100
116188 116175 100
116189 116182 100
116189 116178 100
116189 116173 100
116191 116188 100
116191 116185 100
116191 116179 100
116191 116177 100
116191 116175 100
116196 116189 100
116196 116182 100
116196 116178 100
116196 116173 100
116200 116198 100
116209 116200 100
116209 116198 100
116218 116209 100
116218 116200 100
116218 116198 100
116229 116227 100
116232 116229 100
116232 116227 100
116235 116232 100
116235 116229 100
116235 116227 100
116236 116235 100
116236 116232 100
116236 116229 100
116236 116227 100
116237 116236 100
116237 116235 100
116237 116232 100
116237 116229 100
116237 116227 100
116242 116237 100
116242 116236 100
116242 116235 100
116242 116232 100
116242 116229 100
116242 116227 100
116246 116242 100
116246 116237 100
116246 116236 100
116246 116235 100
116246 116232 100
116246 116229 100
116246 116227 100
116247 116246 100
116247 116242 100
116247 116237 100
116247 116236 100
116247 116235 100
116247 116232 100
116247 116229 100
116247 116227 100
116249 116247 100
116249 116246 100
116249 116242 100
116249 116237 100
116249 116236 100
116249 116235 100
116249 116232 100
116249 116229 100
116249 116227 100
116256 116249 100
116256 116247 100
116256 116246 100
116256 116242 100
116256 116237 100
116256 116236 100
116256 116235 100
116256 116232 100
116256 116229 100
116256 116227 100
116257 116256 100
116257 116249 100
116257 116247 100
116257 116246 100
116257 116242 100
116257 116237 100
116257 116236 100
116257 116235 100
116257 116232 100
116257 116229 100
116257 116227 100
116261 116257 100
116261 116256 100
116261 116249 100
116261 116247 100
116261 116246 100
116261 116242 100
116261 116237 100
116261 116236 100
116261 116235 100
116261 116232 100
116261 116229 100
116261 116227 100
116262 116261 100
116262 116257 100
116262 116256 100
116262 116249 100
116262 116247 100
116262 116246 100
116262 116242 100
116262 116237 100
116262 116236 100
116262 116235 100
116262 116232 100
116262 116229 100
116262 116227 100
116361 116342 100
116488 116468 100
116492 116488 100
116492 116468 100
116493 116492 100
116493 116488 100
116493 116468 100
116495 116493 100
116495 116492 100
116495 116488 100
116495 116468 100
116579 116575 100
116583 116579 100
116583 116575 100
116729 116708 100
116914 116912 100
116915 116914 100
116915 116912 100
116973 116970 100
116976 116973 100
116976 116970 100
116982 116976 100
116982 116973 100
116982 116970 100
116996 116995 100
117003 116996 100
117003 116995 100
117014 117003 100
117014 116996 100
117014 116995 100
117023 117014 100
117023 117003 100
117023 116996 100
117023 116995 100
117024 117023 100
117024 117014 100
117024 117003 100
117024 116996 100
117024 116995 100
117043 117042 100
117047 117043 100
117047 117042 100
117050 117047 100
117050 117043 100
117050 117042 100
117054 117050 100
117054 117047 100
117054 117043 100
117054 117042 100
117056 117054 100
117056 117050 100
117056 117047 100
117056 117043 100
117056 117042 100
117058 117057 100
117059 117058 100
117059 117057 100
117060 117059 100
117060 117058 100
117060 117057 100
117061 117060 100
117061 117059 100
117061 117058 100
117061 117057 100
117062 117061 100
117062 117060 100
117062 117059 100
117062 117058 100
117062 117057 100
117063 117062 100
117063 117061 100
117063 117060 100
117063 117059 100
117063 117058 100
117063 117057 100
117064 117063 100
117064 117062 100
117064 117061 100
117064 117060 100
117064 117059 100
117064 117058 100
117064 117057 100
117069 117064 100
117069 117063 100
117069 117062 100
117069 117061 100
117069 117060 100
117069 117059 100
117069 117058 100
117069 117057 100
117085 117083 100
117086 117085 100
117086 117083 100
117090 117086 100
117090 117085 100
117090 117083 100
117092 117090 100
117092 117086 100
117092 117085 100
117092 117083 100
117096 117092 100
117096 117090 100
117096 117086 100
117096 117085 100
117096 117083 100
117097 117096 100
117097 117092 100
117097 117090 100
117097 117086 100
117097 117085 100
117097 117083 100
117098 117097 100
117098 117096 100
117098 117092 100
117098 117090 100
117098 117086 100
117098 117085 100
117098 117083 100
117247 117241 100
117255 117247 100
117255 117241 100
117279 117276 100
117281 117279 100
117281 117276 100
117293 117281 100
117293 117279 100
117293 117276 100
117294 117293 100
117294 117281 100
117294 117279 100
117294 117276 100
117302 117301 100
117330 117318 100
117371 117368 100
117372 117371 100
117372 117368 100
117373 117372 100
117373 117371 100
117373 117368 100
117376 117373 100
117376 117372 100
117376 117371 100
117376 117368 100
117377 117376 100
117377 117373 100
117377 117372 100
117377 117371 100
117377 117368 100
117381 117377 100
117381 117376 100
117381 117373 100
117381 117372 100
117381 117371 100
117381 117368 100
117382 117381 100
117382 117377 100
117382 117376 100
117382 117373 100
117382 117372 100
117382 117371 100
117382 117368 100
117383 117382 100
117383 117381 100
117383 117377 100
117383 117376 100
117383 117373 100
117383 117372 100
117383 117371 100
117383 117368 100
117384 117383 100
117384 117382 100
117384 117381 100
117384 117377 100
117384 117376 100
117384 117373 100
117384 117372 100
117384 117371 100
117384 117368 100
117400 117397 100
117409 117406 100
117410 117409 100
117410 117406 100
117411 117410 100
117411 117409 100
117411 117406 100
117415 117400 100
117415 117397 100
117417 117411 100
117417 117410 100
117417 117409 100
117417 117406 100
117419 117417 100
117419 117411 100
117419 117410 100
117419 117409 100
117419 117406 100
117421 117419 100
117421 117417 100
117421 117411 100
117421 117410 100
117421 117409 100
117421 117406 100
117422 117421 100
117422 117419 100
117422 117417 100
117422 117411 100
117422 117410 100
117422 117409 100
117422 117406 100
117429 117426 100
117434 117429 100
117434 117426 100
117435 117434 100
117435 117429 100
117435 117426 100
117436 117435 100
117436 117434 100
117436 117429 100
117436 117426 100
117437 117436 100
117437 117435 100
117437 117434 100
117437 117429 100
117437 117426 100
117440 117437 100
117440 117436 100
117440 117435 100
117440 117434 100
117440 117429 100
117440 117426 100
117442 117440 100
117442 117437 100
117442 117436 100
117442 117435 100
117442 117434 100
117442 117429 100
117442 117426 100
117443 117442 100
117443 117440 100
117443 117437 100
117443 117436 100
117443 117435 100
117443 117434 100
117443 117429 100
117443 117426 100
117465 117447 100
117477 117465 100
117477 117447 100
117479 117477 100
117479 117465 100
117479 117447 100
117485 117484 100
117488 117485 100
117488 117484 100
117489 117488 100
117489 117485 100
117489 117484 100
117492 117489 100
117492 117488 100
117492 117485 100
117492 117484 100
117493 117492 100
117493 117489 100
117493 117488 100
117493 117485 100
117493 117484 100
117496 117493 100
117496 117492 100
117496 117489 100
117496 117488 100
117496 117485 100
117496 117484 100
117498 117496 100
117498 117493 100
117498 117492 100
117498 117489 100
117498 117488 100
117498 117485 100
117498 117484 100
117499 117498 100
117499 117496 100
117499 117493 100
117499 117492 100
117499 117489 100
117499 117488 100
117499 117485 100
117499 117484 100
117533 117530 100
117535 117533 100
117535 117530 100
117540 117535 100
117540 117533 100
117540 117530 100
117542 117540 100
117542 117535 100
117542 117533 100
117542 117530 100
117543 117542 100
117543 117540 100
117543 117535 100
117543 117533 100
117543 117530 100
117552 117545 100
117553 117552 100
117553 117545 100
117556 117553 100
117556 117552 100
117556 117545 100
117558 117556 100
117558 117553 100
117558 117552 100
117558 117545 100
117559 117558 100
117559 117556 100
117559 117553 100
117559 117552 100
117559 117545 100
117561 117559 100
117561 117558 100
117561 117556 100
117561 117553 100
117561 117552 100
117561 117545 100
117562 117561 100
117562 117559 100
117562 117558 100
117562 117556 100
117562 117553 100
117562 117552 100
117562 117545 100
117564 117562 100
117564 117561 100
117564 117559 100
117564 117558 100
117564 117556 100
117564 117553 100
117564 117552 100
117564 117545 100
117565 117564 100
117565 117562 100
117565 117561 100
117565 117559 100
117565 117558 100
117565 117556 100
117565 117553 100
117565 117552 100
117565 117545 100
117571 117569 100
117573 117571 100
117573 117569 100
117577 117573 100
117577 117571 100
117577 117569 100
117580 117577 100
117580 117573 100
117580 117571 100
117580 117569 100
117581 117572 100
117584 117580 100
117584 117577 100
117584 117573 100
117584 117571 100
117584 117569 100
117588 117584 100
117588 117580 100
117588 117577 100
117588 117573 100
117588 117571 100
117588 117569 100
117591 117588 100
117591 117584 100
117591 117580 100
117591 117577 100
117591 117573 100
117591 117571 100
117591 117569 100
117592 117591 100
117592 117588 100
117592 117584 100
117592 117580 100
117592 117577 100
117592 117573 100
117592 117571 100
117592 117569 100
117593 117592 100
117593 117591 100
117593 117588 100
117593 117584 100
117593 117580 100
117593 117577 100
117593 117573 100
117593 117571 100
117593 117569 100
117621 117616 100
117622 117621 100
117622 117616 100
117624 117622 100
117624 117621 100
117624 117616 100
117626 117624 100
117626 117622 100
117626 117621 100
117626 117616 100
117631 117626 100
117631 117624 100
117631 117622 100
117631 117621 100
117631 117616 100
117632 117631 100
117632 117626 100
117632 117624 100
117632 117622 100
117632 117621 100
117632 117616 100
117633 117632 100
117633 117631 100
117633 117626 100
117633 117624 100
117633 117622 100
117633 117621 100
117633 117616 100
117635 117633 100
117635 117632 100
117635 117631 100
117635 117626 100
117635 117624 100
117635 117622 100
117635 117621 100
117635 117616 100
117641 117635 100
117641 117633 100
117641 117632 100
117641 117631 100
117641 117626 100
117641 117624 100
117641 117622 100
117641 117621 100
117641 117616 100
117644 117641 100
117644 117635 100
117644 117633 100
117644 117632 100
117644 117631 100
117644 117626 100
117644 117624 100
117644 117622 100
117644 117621 100
117644 117616 100
117645 117644 100
117645 117641 100
117645 117635 100
117645 117633 100
117645 117632 100
117645 117631 100
117645 117626 100
117645 117624 100
117645 117622 100
117645 117621 100
117645 117616 100
117648 117645 100
117648 117644 100
117648 117641 100
117648 117635 100
117648 117633 100
117648 117632 100
117648 117631 100
117648 117626 100
117648 117624 100
117648 117622 100
117648 117621 100
117648 117616 100
117649 117648 100
117649 117645 100
117649 117644 100
117649 117641 100
117649 117635 100
117649 117633 100
117649 117632 100
117649 117631 100
117649 117626 100
117649 117624 100
117649 117622 100
117649 117621 100
117649 117616 100
117650 117649 100
117650 117648 100
117650 117645 100
117650 117644 100
117650 117641 100
117650 117635 100
117650 117633 100
117650 117632 100
117650 117631 100
117650 117626 100
117650 117624 100
117650 117622 100
117650 117621 100
117650 117616 100
117653 117650 100
117653 117649 100
117653 117648 100
117653 117645 100
117653 117644 100
117653 117641 100
117653 117635 100
117653 117633 100
117653 117632 100
117653 117631 100
117653 117626 100
117653 117624 100
117653 117622 100
117653 117621 100
117653 117616 100
117671 117667 100
117674 117671 100
117674 117667 100
117677 117674 100
117677 117671 100
117677 117667 100
117682 117681 100
117683 117682 100
117683 117681 100
117685 117683 100
117685 117682 100
117685 117681 100
117686 117685 100
117686 117683 100
117686 117682 100
117686 117681 100
117689 117686 100
117689 117685 100
117689 117683 100
117689 117682 100
117689 117681 100
117694 117689 100
117694 117686 100
117694 117685 100
117694 117683 100
117694 117682 100
117694 117681 100
117695 117694 100
117695 117689 100
117695 117686 100
117695 117685 100
117695 117683 100
117695 117682 100
117695 117681 100
117696 117695 100
117696 117694 100
117696 117689 100
117696 117686 100
117696 117685 100
117696 117683 100
117696 117682 100
117696 117681 100
117697 117696 100
117697 117695 100
117697 117694 100
117697 117689 100
117697 117686 100
117697 117685 100
117697 117683 100
117697 117682 100
117697 117681 100
117704 117693 100
117709 117708 100
117710 117709 100
117710 117708 100
117712 117710 100
117712 117709 100
117712 117708 100
117715 117712 100
117715 117710 100
117715 117709 100
117715 117708 100
117716 117715 100
117716 117712 100
117716 117710 100
117716 117709 100
117716 117708 100
117717 117716 100
117717 117715 100
117717 117712 100
117717 117710 100
117717 117709 100
117717 117708 100
117721 117717 100
117721 117716 100
117721 117715 100
117721 117712 100
117721 117710 100
117721 117709 100
117721 117708 100
117740 117737 100
117741 117740 100
117741 117737 100
117742 117741 100
117742 117740 100
117742 117737 100
117743 117742 100
117743 117741 100
117743 117740 100
117743 117737 100
117744 117743 100
117744 117742 100
117744 117741 100
117744 117740 100
117744 117737 100
117745 117744 100
117745 117743 100
117745 117742 100
117745 117741 100
117745 117740 100
117745 117737 100
117746 117745 100
117746 117744 100
117746 117743 100
117746 117742 100
117746 117741 100
117746 117740 100
117746 117737 100
117749 117746 100
117749 117745 100
117749 117744 100
117749 117743 100
117749 117742 100
117749 117741 100
117749 117740 100
117749 117737 100
117754 117749 100
117754 117746 100
117754 117745 100
117754 117744 100
117754 117743 100
117754 117742 100
117754 117741 100
117754 117740 100
117754 117737 100
117757 117754 100
117757 117749 100
117757 117746 100
117757 117745 100
117757 117744 100
117757 117743 100
117757 117742 100
117757 117741 100
117757 117740 100
117757 117737 100
117761 117760 100
117764 117761 100
117764 117760 100
117766 117764 100
117766 117761 100
117766 117760 100
117768 117766 100
117768 117764 100
117768 117761 100
117768 117760 100
117769 117768 100
117769 117766 100
117769 117764 100
117769 117761 100
117769 117760 100
117775 117769 100
117775 117768 100
117775 117766 100
117775 117764 100
117775 117761 100
117775 117760 100
117776 117775 100
117776 117769 100
117776 117768 100
117776 117766 100
117776 117764 100
117776 117761 100
117776 117760 100
117783 117776 100
117783 117775 100
117783 117769 100
117783 117768 100
117783 117766 100
117783 117764 100
117783 117761 100
117783 117760 100
117785 117783 100
117785 117776 100
117785 117775 100
117785 117769 100
117785 117768 100
117785 117766 100
117785 117764 100
117785 117761 100
117785 117760 100
117794 117786 100
117801 117794 100
117801 117786 100
117818 117816 100
117819 117818 100
117819 117816 100
117820 117819 100
117820 117818 100
117820 117816 100
117830 117828 100
117845 117831 100
117852 117830 100
117852 117828 100
117854 117852 100
117854 117830 100
117854 117828 100
117857 117845 100
117857 117831 100
117860 117854 100
117860 117852 100
117860 117830 100
117860 117828 100
117861 117860 100
117861 117854 100
117861 117852 100
117861 117830 100
117861 117828 100
117863 117861 100
117863 117860 100
117863 117854 100
117863 117852 100
117863 117830 100
117863 117828 100
117879 117878 100
117881 117879 100
117881 117878 100
117883 117881 100
117883 117879 100
117883 117878 100
117884 117883 100
117884 117881 100
117884 117879 100
117884 117878 100
117885 117884 100
117885 117883 100
117885 117881 100
117885 117879 100
117885 117878 100
117886 117885 100
117886 117884 100
117886 117883 100
117886 117881 100
117886 117879 100
117886 117878 100
117887 117886 100
117887 117885 100
117887 117884 100
117887 117883 100
117887 117881 100
117887 117879 100
117887 117878 100
117894 117890 100
117895 117894 100
117895 117890 100
117902 117895 100
117902 117894 100
117902 117890 100
117903 117902 100
117903 117895 100
117903 117894 100
117903 117890 100
117904 117903 100
117904 117902 100
117904 117895 100
117904 117894 100
117904 117890 100
117907 117904 100
117907 117903 100
117907 117902 100
117907 117895 100
117907 117894 100
117907 117890 100
117909 117907 100
117909 117904 100
117909 117903 100
117909 117902 100
117909 117895 100
117909 117894 100
117909 117890 100
117911 117909 100
117911 117907 100
117911 117904 100
117911 117903 100
117911 117902 100
117911 117895 100
117911 117894 100
117911 117890 100
117914 117911 100
117914 117909 100
117914 117907 100
117914 117904 100
117914 117903 100
117914 117902 100
117914 117895 100
117914 117894 100
117914 117890 100
117915 117914 100
117915 117911 100
117915 117909 100
117915 117907 100
117915 117904 100
117915 117903 100
117915 117902 100
117915 117895 100
117915 117894 100
117915 117890 100
117918 117917 100
117919 117918 100
117919 117917 100
117924 117919 100
117924 117918 100
117924 117917 100
117937 117935 100
117949 117937 100
117949 117935 100
117951 117949 100
117951 117937 100
117951 117935 100
117955 117951 100
117955 117949 100
117955 117937 100
117955 117935 100
117956 117955 100
117956 117951 100
117956 117949 100
117956 117937 100
117956 117935 100
117957 117956 100
117957 117955 100
117957 117951 100
117957 117949 100
117957 117937 100
117957 117935 100
117959 117957 100
117959 117956 100
117959 117955 100
117959 117951 100
117959 117949 100
117959 117937 100
117959 117935 100
117960 117959 100
117960 117957 100
117960 117956 100
117960 117955 100
117960 117951 100
117960 117949 100
117960 117937 100
117960 117935 100
117961 117960 100
117961 117959 100
117961 117957 100
117961 117956 100
117961 117955 100
117961 117951 100
117961 117949 100
117961 117937 100
117961 117935 100
117973 117970 100
117974 117972 100
117977 117973 100
117977 117970 100
117978 117977 100
117978 117973 100
117978 117970 100
117979 117978 100
117979 117977 100
117979 117973 100
117979 117970 100
117980 117979 100
117980 117978 100
117980 117977 100
117980 117973 100
117980 117970 100
117992 117990 100
117993 117992 100
117993 117990 100
117995 117993 100
117995 117992 100
117995 117990 100
117996 117995 100
117996 117993 100
117996 117992 100
117996 117990 100
118033 118032 100
118037 118033 100
118037 118032 100
118040 118037 100
118040 118033 100
118040 118032 100
118041 118040 100
118041 118037 100
118041 118033 100
118041 118032 100
118042 118041 100
118042 118040 100
118042 118037 100
118042 118033 100
118042 118032 100
118045 118042 100
118045 118041 100
118045 118040 100
118045 118037 100
118045 118033 100
118045 118032 100
118046 118045 100
118046 118042 100
118046 118041 100
118046 118040 100
118046 118037 100
118046 118033 100
118046 118032 100
118047 118046 100
118047 118045 100
118047 118042 100
118047 118041 100
118047 118040 100
118047 118037 100
118047 118033 100
118047 118032 100
118053 118052 100
118057 118053 100
118057 118052 100
118071 118057 100
118071 118053 100
118071 118052 100
118073 118071 100
118073 118057 100
118073 118053 100
118073 118052 100
118075 118073 100
118075 118071 100
118075 118057 100
118075 118053 100
118075 118052 100
118076 118075 100
118076 118073 100
118076 118071 100
118076 118057 100
118076 118053 100
118076 118052 100
118077 118076 100
118077 118075 100
118077 118073 100
118077 118071 100
118077 118057 100
118077 118053 100
118077 118052 100
118083 118079 100
118091 118083 100
118091 118079 100
118092 118091 100
118092 118083 100
118092 118079 100
118095 118092 100
118095 118091 100
118095 118083 100
118095 118079 100
118097 118095 100
118097 118092 100
118097 118091 100
118097 118083 100
118097 118079 100
118098 118097 100
118098 118095 100
118098 118092 100
118098 118091 100
118098 118083 100
118098 118079 100
118105 118103 100
118106 118105 100
118106 118103 100
118108 118106 100
118108 118105 100
118108 118103 100
118109 118108 100
118109 118106 100
118109 118105 100
118109 118103 100
118112 118109 100
118112 118108 100
118112 118106 100
118112 118105 100
118112 118103 100
118116 118112 100
118116 118109 100
118116 118108 100
118116 118106 100
118116 118105 100
118116 118103 100
118120 118116 100
118120 118112 100
118120 118109 100
118120 118108 100
118120 118106 100
118120 118105 100
118120 118103 100
118121 118120 100
118121 118116 100
118121 118112 100
118121 118109 100
118121 118108 100
118121 118106 100
118121 118105 100
118121 118103 100
118128 118125 100
118129 118128 100
118129 118125 100
118131 118129 100
118131 118128 100
118131 118125 100
118132 118131 100
118132 118129 100
118132 118128 100
118132 118125 100
118133 118132 100
118133 118131 100
118133 118129 100
118133 118128 100
118133 118125 100
118134 118133 100
118134 118132 100
118134 118131 100
118134 118129 100
118134 118128 100
118134 118125 100
118138 118134 100
118138 118133 100
118138 118132 100
118138 118131 100
118138 118129 100
118138 118128 100
118138 118125 100
118140 118138 100
118140 118134 100
118140 118133 100
118140 118132 100
118140 118131 100
118140 118129 100
118140 118128 100
118140 118125 100
118147 118144 100
118148 118147 100
118148 118144 100
118149 118148 100
118149 118147 100
118149 118144 100
118151 118149 100
118151 118148 100
118151 118147 100
118151 118144 100
118152 118151 100
118152 118149 100
118152 118148 100
118152 118147 100
118152 118144 100
118154 118152 100
118154 118151 100
118154 118149 100
118154 118148 100
118154 118147 100
118154 118144 100
118157 118143 100
118158 118154 100
118158 118152 100
118158 118151 100
118158 118149 100
118158 118148 100
118158 118147 100
118158 118144 100
118165 118163 100
118166 118165 100
118166 118163 100
118170 118166 100
118170 118165 100
118170 118163 100
118174 118170 100
118174 118166 100
118174 118165 100
118174 118163 100
118175 118174 100
118175 118170 100
118175 118166 100
118175 118165 100
118175 118163 100
118177 118175 100
118177 118174 100
118177 118170 100
118177 118166 100
118177 118165 100
118177 118163 100
118193 118179 100
118200 118193 100
118200 118179 100
118210 118209 100
118211 118210 100
118211 118209 100
118214 118211 100
118214 118210 100
118214 118209 100
118216 118214 100
118216 118211 100
118216 118210 100
118216 118209 100
118217 118216 100
118217 118214 100
118217 118211 100
118217 118210 100
118217 118209 100
118221 118217 100
118221 118216 100
118221 118214 100
118221 118211 100
118221 118210 100
118221 118209 100
118222 118221 100
118222 118217 100
118222 118216 100
118222 118214 100
118222 118211 100
118222 118210 100
118222 118209 100
118229 118222 100
118229 118221 100
118229 118217 100
118229 118216 100
118229 118214 100
118229 118211 100
118229 118210 100
118229 118209 100
118233 118229 100
118233 118222 100
118233 118221 100
118233 118217 100
118233 118216 100
118233 118214 100
118233 118211 100
118233 118210 100
118233 118209 100
118235 118233 100
118235 118229 100
118235 118222 100
118235 118221 100
118235 118217 100
118235 118216 100
118235 118214 100
118235 118211 100
118235 118210 100
118235 118209 100
118238 118235 100
118238 118233 100
118238 118229 100
118238 118222 100
118238 118221 100
118238 118217 100
118238 118216 100
118238 118214 100
118238 118211 100
118238 118210 100
118238 118209 100
118240 118238 100
118240 118235 100
118240 118233 100
118240 118229 100
118240 118222 100
118240 118221 100
118240 118217 100
118240 118216 100
118240 118214 100
118240 118211 100
118240 118210 100
118240 118209 100
118244 118241 100
118250 118244 100
118250 118241 100
118252 118250 100
118252 118244 100
118252 118241 100
118253 118252 100
118253 118250 100
118253 118244 100
118253 118241 100
118258 118256 100
118260 118258 100
118260 118256 100
118264 118260 100
118264 118258 100
118264 118256 100
118266 118264 100
118266 118260 100
118266 118258 100
118266 118256 100
118290 118289 100
118292 118290 100
118292 118289 100
118293 118292 100
118293 118290 100
118293 118289 100
118294 118293 100
118294 118292 100
118294 118290 100
118294 118289 100
118295 118294 100
118295 118293 100
118295 118292 100
118295 118290 100
118295 118289 100
118298 118295 100
118298 118294 100
118298 118293 100
118298 118292 100
118298 118290 100
118298 118289 100
118299 118298 100
118299 118295 100
118299 118294 100
118299 118293 100
118299 118292 100
118299 118290 100
118299 118289 100
118301 118299 100
118301 118298 100
118301 118295 100
118301 118294 100
118301 118293 100
118301 118292 100
118301 118290 100
118301 118289 100
118302 118301 100
118302 118299 100
118302 118298 100
118302 118295 100
118302 118294 100
118302 118293 100
118302 118292 100
118302 118290 100
118302 118289 100
118306 118302 100
118306 118301 100
118306 118299 100
118306 118298 100
118306 118295 100
118306 118294 100
118306 118293 100
118306 118292 100
118306 118290 100
118306 118289 100
118307 118306 100
118307 118302 100
118307 118301 100
118307 118299 100
118307 118298 100
118307 118295 100
118307 118294 100
118307 118293 100
118307 118292 100
118307 118290 100
118307 118289 100
118308 118307 100
118308 118306 100
118308 118302 100
118308 118301 100
118308 118299 100
118308 118298 100
118308 118295 100
118308 118294 100
118308 118293 100
118308 118292 100
118308 118290 100
118308 118289 100
118309 118308 100
118309 118307 100
118309 118306 100
118309 118302 100
118309 118301 100
118309 118299 100
118309 118298 100
118309 118295 100
118309 118294 100
118309 118293 100
118309 118292 100
118309 118290 100
118309 118289 100
118312 118309 100
118312 118308 100
118312 118307 100
118312 118306 100
118312 118302 100
118312 118301 100
118312 118299 100
118312 118298 100
118312 118295 100
118312 118294 100
118312 118293 100
118312 118292 100
118312 118290 100
118312 118289 100
118313 118312 100
118313 118309 100
118313 118308 100
118313 118307 100
118313 118306 100
118313 118302 100
118313 118301 100
118313 118299 100
118313 118298 100
118313 118295 100
118313 118294 100
118313 118293 100
118313 118292 100
118313 118290 100
118313 118289 100
118314 118313 100
118314 118312 100
118314 118309 100
118314 118308 100
118314 118307 100
118314 118306 100
118314 118302 100
118314 118301 100
118314 118299 100
118314 118298 100
118314 118295 100
118314 118294 100
118314 118293 100
118314 118292 100
118314 118290 100
118314 118289 100
118316 118314 100
118316 118313 100
118316 118312 100
118316 118309 100
118316 118308 100
118316 118307 100
118316 118306 100
118316 118302 100
118316 118301 100
118316 118299 100
118316 118298 100
118316 118295 100
118316 118294 100
118316 118293 100
118316 118292 100
118316 118290 100
118316 118289 100
118773 118317 100
118808 118807 100
118810 118808 100
118810 118807 100
118812 118810 100
118812 118808 100
118812 118807 100
118813 118812 100
118813 118810 100
118813 118808 100
118813 118807 100
118815 118813 100
118815 118812 100
118815 118810 100
118815 118808 100
118815 118807 100
118816 118815 100
118816 118813 100
118816 118812 100
118816 118810 100
118816 118808 100
118816 118807 100
118821 118816 100
118821 118815 100
118821 118813 100
118821 118812 100
118821 118810 100
118821 118808 100
118821 118807 100
118822 118821 100
118822 118816 100
118822 118815 100
118822 118813 100
118822 118812 100
118822 118810 100
118822 118808 100
118822 118807 100
118833 118831 100
118835 118833 100
118835 118831 100
118836 118835 100
118836 118833 100
118836 118831 100
118837 118836 100
118837 118835 100
118837 118833 100
118837 118831 100
118838 118837 100
118838 118836 100
118838 118835 100
118838 118833 100
118838 118831 100
118840 118838 100
118840 118837 100
118840 118836 100
118840 118835 100
118840 118833 100
118840 118831 100
118843 118840 100
118843 118838 100
118843 118837 100
118843 118836 100
118843 118835 100
118843 118833 100
118843 118831 100
118845 118843 100
118845 118840 100
118845 118838 100
118845 118837 100
118845 118836 100
118845 118835 100
118845 118833 100
118845 118831 100
118856 118853 100
118857 118856 100
118857 118853 100
118859 118857 100
118859 118856 100
118859 118853 100
118860 118859 100
118860 118857 100
118860 118856 100
118860 118853 100
118863 118862 100
118866 118863 100
118866 118862 100
118872 118866 100
118872 118863 100
118872 118862 100
118875 118872 100
118875 118866 100
118875 118863 100
118875 118862 100
118877 118875 100
118877 118872 100
118877 118866 100
118877 118863 100
118877 118862 100
118879 118877 100
118879 118875 100
118879 118872 100
118879 118866 100
118879 118863 100
118879 118862 100
118880 118879 100
118880 118877 100
118880 118875 100
118880 118872 100
118880 118866 100
118880 118863 100
118880 118862 100
118881 118880 100
118881 118879 100
118881 118877 100
118881 118875 100
118881 118872 100
118881 118866 100
118881 118863 100
118881 118862 100
118882 118881 100
118882 118880 100
118882 118879 100
118882 118877 100
118882 118875 100
118882 118872 100
118882 118866 100
118882 118863 100
118882 118862 100
118889 118884 100
118890 118887 100
118894 118892 100
118895 118894 100
118895 118892 100
118897 118895 100
118897 118894 100
118897 118892 100
118898 118897 100
118898 118895 100
118898 118894 100
118898 118892 100
118914 118910 100
118919 118916 100
118922 118914 100
118922 118910 100
118925 118919 100
118925 118916 100
118929 118927 100
118930 118929 100
118930 118927 100
118931 118930 100
118931 118929 100
118931 118927 100
118936 118931 100
118936 118930 100
118936 118929 100
118936 118927 100
118937 118936 100
118937 118931 100
118937 118930 100
118937 118929 100
118937 118927 100
118948 118947 100
118949 118948 100
118949 118947 100
118951 118949 100
118951 118948 100
118951 118947 100
118953 118951 100
118953 118949 100
118953 118948 100
118953 118947 100
118954 118953 100
118954 118951 100
118954 118949 100
118954 118948 100
118954 118947 100
118955 118954 100
118955 118953 100
118955 118951 100
118955 118949 100
118955 118948 100
118955 118947 100
118959 118955 100
118959 118954 100
118959 118953 100
118959 118951 100
118959 118949 100
118959 118948 100
118959 118947 100
118968 118964 100
118969 118968 100
118969 118964 100
118988 118969 100
118988 118968 100
118988 118964 100
118994 118988 100
118994 118969 100
118994 118968 100
118994 118964 100
119008 118994 100
119008 118988 100
119008 118969 100
119008 118968 100
119008 118964 100
119009 119008 100
119009 118994 100
119009 118988 100
119009 118969 100
119009 118968 100
119009 118964 100
119010 119009 100
119010 119008 100
119010 118994 100
119010 118988 100
119010 118969 100
119010 118968 100
119010 118964 100
119020 119017 100
119024 119020 100
119024 119017 100
119027 119024 100
119027 119020 100
119027 119017 100
119032 119027 100
119032 119024 100
119032 119020 100
119032 119017 100
119035 119032 100
119035 119027 100
119035 119024 100
119035 119020 100
119035 119017 100
119036 119035 100
119036 119032 100
119036 119027 100
119036 119024 100
119036 119020 100
119036 119017 100
119041 119036 100
119041 119035 100
119041 119032 100
119041 119027 100
119041 119024 100
119041 119020 100
119041 119017 100
119046 119041 100
119046 119036 100
119046 119035 100
119046 119032 100
119046 119027 100
119046 119024 100
119046 119020 100
119046 119017 100
119057 119046 100
119057 119041 100
119057 119036 100
119057 119035 100
119057 119032 100
119057 119027 100
119057 119024 100
119057 119020 100
119057 119017 100
119058 119057 100
119058 119046 100
119058 119041 100
119058 119036 100
119058 119035 100
119058 119032 100
119058 119027 100
119058 119024 100
119058 119020 100
119058 119017 100
119059 119058 100
119059 119057 100
119059 119046 100
119059 119041 100
119059 119036 100
119059 119035 100
119059 119032 100
119059 119027 100
119059 119024 100
119059 119020 100
119059 119017 100
119062 119060 100
119063 119062 100
119063 119060 100
119067 119063 100
119067 119062 100
119067 119060 100
119078 119075 100
119082 119078 100
119082 119075 100
119085 119082 100
119085 119078 100
119085 119075 100
119088 119085 100
119088 119082 100
119088 119078 100
119088 119075 100
119092 119088 100
119092 119085 100
119092 119082 100
119092 119078 100
119092 119075 100
119093 119092 100
119093 119088 100
119093 119085 100
119093 119082 100
119093 119078 100
119093 119075 100
119094 119093 100
119094 119092 100
119094 119088 100
119094 119085 100
119094 119082 100
119094 119078 100
119094 119075 100
119095 119094 100
119095 119093 100
119095 119092 100
119095 119088 100
119095 119085 100
119095 119082 100
119095 119078 100
119095 119075 100
119105 119103 100
119111 119105 100
119111 119103 100
119112 119111 100
119112 119105 100
119112 119103 100
119118 119112 100
119118 119111 100
119118 119105 100
119118 119103 100
119119 119118 100
119119 119112 100
119119 119111 100
119119 119105 100
119119 119103 100
119131 119119 100
119131 119118 100
119131 119112 100
119131 119111 100
119131 119105 100
119131 119103 100
119143 119141 100
119144 119143 100
119144 119141 100
119150 119144 100
119150 119143 100
119150 119141 100
119168 119161 100
119172 119168 100
119172 119161 100
119179 119172 100
119179 119168 100
119179 119161 100
119190 119179 100
119190 119172 100
119190 119168 100
119190 119161 100
119196 119194 100
119204 119196 100
119204 119194 100
119206 119204 100
119206 119196 100
119206 119194 100
119217 119206 100
119217 119204 100
119217 119196 100
119217 119194 100
119219 119217 100
119219 119206 100
119219 119204 100
119219 119196 100
119219 119194 100
119227 119226 100
119229 119227 100
119229 119226 100
119236 119229 100
119236 119227 100
119236 119226 100
119239 119236 100
119239 119229 100
119239 119227 100
119239 119226 100
119279 119276 100
119293 119291 100
119296 119293 100
119296 119291 100
119297 119296 100
119297 119293 100
119297 119291 100
119298 119297 100
119298 119296 100
119298 119293 100
119298 119291 100
119304 119298 100
119304 119297 100
119304 119296 100
119304 119293 100
119304 119291 100
119311 119310 100
119314 119311 100
119314 119310 100
119315 119314 100
119315 119311 100
119315 119310 100
119318 119315 100
119318 119314 100
119318 119311 100
119318 119310 100
119320 119318 100
119320 119315 100
119320 119314 100
119320 119311 100
119320 119310 100
119323 119320 100
119323 119318 100
119323 119315 100
119323 119314 100
119323 119311 100
119323 119310 100
119324 119323 100
119324 119320 100
119324 119318 100
119324 119315 100
119324 119314 100
119324 119311 100
119324 119310 100
119325 119324 100
119325 119323 100
119325 119320 100
119325 119318 100
119325 119315 100
119325 119314 100
119325 119311 100
119325 119310 100
119326 119325 100
119326 119324 100
119326 119323 100
119326 119320 100
119326 119318 100
119326 119315 100
119326 119314 100
119326 119311 100
119326 119310 100
119328 119326 100
119328 119325 100
119328 119324 100
119328 119323 100
119328 119320 100
119328 119318 100
119328 119315 100
119328 119314 100
119328 119311 100
119328 119310 100
119329 119328 100
119329 119326 100
119329 119325 100
119329 119324 100
119329 119323 100
119329 119320 100
119329 119318 100
119329 119315 100
119329 119314 100
119329 119311 100
119329 119310 100
119330 119329 100
119330 119328 100
119330 119326 100
119330 119325 100
119330 119324 100
119330 119323 100
119330 119320 100
119330 119318 100
119330 119315 100
119330 119314 100
119330 119311 100
119330 119310 100
119331 119330 100
119331 119329 100
119331 119328 100
119331 119326 100
119331 119325 100
119331 119324 100
119331 119323 100
119331 119320 100
119331 119318 100
119331 119315 100
119331 119314 100
119331 119311 100
119331 119310 100
119336 119331 100
119336 119330 100
119336 119329 100
119336 119328 100
119336 119326 100
119336 119325 100
119336 119324 100
119336 119323 100
119336 119320 100
119336 119318 100
119336 119315 100
119336 119314 100
119336 119311 100
119336 119310 100
119337 119336 100
119337 119331 100
119337 119330 100
119337 119329 100
119337 119328 100
119337 119326 100
119337 119325 100
119337 119324 100
119337 119323 100
119337 119320 100
119337 119318 100
119337 119315 100
119337 119314 100
119337 119311 100
119337 119310 100
119338 119337 100
119338 119336 100
119338 119331 100
119338 119330 100
119338 119329 100
119338 119328 100
119338 119326 100
119338 119325 100
119338 119324 100
119338 119323 100
119338 119320 100
119338 119318 100
119338 119315 100
119338 119314 100
119338 119311 100
119338 119310 100
119339 119338 100
119339 119337 100
119339 119336 100
119339 119331 100
119339 119330 100
119339 119329 100
119339 119328 100
119339 119326 100
119339 119325 100
119339 119324 100
119339 119323 100
119339 119320 100
119339 119318 100
119339 119315 100
119339 119314 100
119339 119311 100
119339 119310 100
119341 119339 100
119341 119338 100
119341 119337 100
119341 119336 100
119341 119331 100
119341 119330 100
119341 119329 100
119341 119328 100
119341 119326 100
119341 119325 100
119341 119324 100
119341 119323 100
119341 119320 100
119341 119318 100
119341 119315 100
119341 119314 100
119341 119311 100
119341 119310 100
119343 119341 100
119343 119339 100
119343 119338 100
119343 119337 100
119343 119336 100
119343 119331 100
119343 119330 100
119343 119329 100
119343 119328 100
119343 119326 100
119343 119325 100
119343 119324 100
119343 119323 100
119343 119320 100
119343 119318 100
119343 119315 100
119343 119314 100
119343 119311 100
119343 119310 100
119346 119343 100
119346 119341 100
119346 119339 100
119346 119338 100
119346 119337 100
119346 119336 100
119346 119331 100
119346 119330 100
119346 119329 100
119346 119328 100
119346 119326 100
119346 119325 100
119346 119324 100
119346 119323 100
119346 119320 100
119346 119318 100
119346 119315 100
119346 119314 100
119346 119311 100
119346 119310 100
119347 119346 100
119347 119343 100
119347 119341 100
119347 119339 100
119347 119338 100
119347 119337 100
119347 119336 100
119347 119331 100
119347 119330 100
119347 119329 100
119347 119328 100
119347 119326 100
119347 119325 100
119347 119324 100
119347 119323 100
119347 119320 100
119347 119318 100
119347 119315 100
119347 119314 100
119347 119311 100
119347 119310 100
119349 119347 100
119349 119346 100
119349 119343 100
119349 119341 100
119349 119339 100
119349 119338 100
119349 119337 100
119349 119336 100
119349 119331 100
119349 119330 100
119349 119329 100
119349 119328 100
119349 119326 100
119349 119325 100
119349 119324 100
119349 119323 100
119349 119320 100
119349 119318 100
119349 119315 100
119349 119314 100
119349 119311 100
119349 119310 100
119350 119349 100
119350 119347 100
119350 119346 100
119350 119343 100
119350 119341 100
119350 119339 100
119350 119338 100
119350 119337 100
119350 119336 100
119350 119331 100
119350 119330 100
119350 119329 100
119350 119328 100
119350 119326 100
119350 119325 100
119350 119324 100
119350 119323 100
119350 119320 100
119350 119318 100
119350 119315 100
119350 119314 100
119350 119311 100
119350 119310 100
119352 119350 100
119352 119349 100
119352 119347 100
119352 119346 100
119352 119343 100
119352 119341 100
119352 119339 100
119352 119338 100
119352 119337 100
119352 119336 100
119352 119331 100
119352 119330 100
119352 119329 100
119352 119328 100
119352 119326 100
119352 119325 100
119352 119324 100
119352 119323 100
119352 119320 100
119352 119318 100
119352 119315 100
119352 119314 100
119352 119311 100
119352 119310 100
119355 119352 100
119355 119350 100
119355 119349 100
119355 119347 100
119355 119346 100
119355 119343 100
119355 119341 100
119355 119339 100
119355 119338 100
119355 119337 100
119355 119336 100
119355 119331 100
119355 119330 100
119355 119329 100
119355 119328 100
119355 119326 100
119355 119325 100
119355 119324 100
119355 119323 100
119355 119320 100
119355 119318 100
119355 119315 100
119355 119314 100
119355 119311 100
119355 119310 100
119356 119355 100
119356 119352 100
119356 119350 100
119356 119349 100
119356 119347 100
119356 119346 100
119356 119343 100
119356 119341 100
119356 119339 100
119356 119338 100
119356 119337 100
119356 119336 100
119356 119331 100
119356 119330 100
119356 119329 100
119356 119328 100
119356 119326 100
119356 119325 100
119356 119324 100
119356 119323 100
119356 119320 100
119356 119318 100
119356 119315 100
119356 119314 100
119356 119311 100
119356 119310 100
119357 119356 100
119357 119355 100
119357 119352 100
119357 119350 100
119357 119349 100
119357 119347 100
119357 119346 100
119357 119343 100
119357 119341 100
119357 119339 100
119357 119338 100
119357 119337 100
119357 119336 100
119357 119331 100
119357 119330 100
119357 119329 100
119357 119328 100
119357 119326 100
119357 119325 100
119357 119324 100
119357 119323 100
119357 119320 100
119357 119318 100
119357 119315 100
119357 119314 100
119357 119311 100
119357 119310 100
119387 119377 100
119389 119387 100
119389 119377 100
119394 119389 100
119394 119387 100
119394 119377 100
119396 119394 100
119396 119389 100
119396 119387 100
119396 119377 100
119397 119378 100
119402 119396 100
119402 119394 100
119402 119389 100
119402 119387 100
119402 119377 100
119403 119397 100
119403 119378 100
119406 119402 100
119406 119396 100
119406 119394 100
119406 119389 100
119406 119387 100
119406 119377 100
119409 119406 100
119409 119402 100
119409 119396 100
119409 119394 100
119409 119389 100
119409 119387 100
119409 119377 100
119410 119409 100
119410 119406 100
119410 119402 100
119410 119396 100
119410 119394 100
119410 119389 100
119410 119387 100
119410 119377 100
119412 119410 100
119412 119409 100
119412 119406 100
119412 119402 100
119412 119396 100
119412 119394 100
119412 119389 100
119412 119387 100
119412 119377 100
119413 119412 100
119413 119410 100
119413 119409 100
119413 119406 100
119413 119402 100
119413 119396 100
119413 119394 100
119413 119389 100
119413 119387 100
119413 119377 100
119414 119413 100
119414 119412 100
119414 119410 100
119414 119409 100
119414 119406 100
119414 119402 100
119414 119396 100
119414 119394 100
119414 119389 100
119414 119387 100
119414 119377 100
119417 119414 100
119417 119413 100
119417 119412 100
119417 119410 100
119417 119409 100
119417 119406 100
119417 119402 100
119417 119396 100
119417 119394 100
119417 119389 100
119417 119387 100
119417 119377 100
119418 119417 100
119418 119414 100
119418 119413 100
119418 119412 100
119418 119410 100
119418 119409 100
119418 119406 100
119418 119402 100
119418 119396 100
119418 119394 100
119418 119389 100
119418 119387 100
119418 119377 100
119420 119418 100
119420 119417 100
119420 119414 100
119420 119413 100
119420 119412 100
119420 119410 100
119420 119409 100
119420 119406 100
119420 119402 100
119420 119396 100
119420 119394 100
119420 119389 100
119420 119387 100
119420 119377 100
119421 119420 100
119421 119418 100
119421 119417 100
119421 119414 100
119421 119413 100
119421 119412 100
119421 119410 100
119421 119409 100
119421 119406 100
119421 119402 100
119421 119396 100
119421 119394 100
119421 119389 100
119421 119387 100
119421 119377 100
119422 119421 100
119422 119420 100
119422 119418 100
119422 119417 100
119422 119414 100
119422 119413 100
119422 119412 100
119422 119410 100
119422 119409 100
119422 119406 100
119422 119402 100
119422 119396 100
119422 119394 100
119422 119389 100
119422 119387 100
119422 119377 100
119435 119431 100
119441 119435 100
119441 119431 100
119444 119441 100
119444 119435 100
119444 119431 100
119448 119444 100
119448 119441 100
119448 119435 100
119448 119431 100
119449 119448 100
119449 119444 100
119449 119441 100
119449 119435 100
119449 119431 100
119450 119449 100
119450 119448 100
119450 119444 100
119450 119441 100
119450 119435 100
119450 119431 100
119451 119450 100
119451 119449 100
119451 119448 100
119451 119444 100
119451 119441 100
119451 119435 100
119451 119431 100
119452 119451 100
119452 119450 100
119452 119449 100
119452 119448 100
119452 119444 100
119452 119441 100
119452 119435 100
119452 119431 100
119453 119452 100
119453 119451 100
119453 119450 100
119453 119449 100
119453 119448 100
119453 119444 100
119453 119441 100
119453 119435 100
119453 119431 100
119455 119453 100
119455 119452 100
119455 119451 100
119455 119450 100
119455 119449 100
119455 119448 100
119455 119444 100
119455 119441 100
119455 119435 100
119455 119431 100
119456 119455 100
119456 119453 100
119456 119452 100
119456 119451 100
119456 119450 100
119456 119449 100
119456 119448 100
119456 119444 100
119456 119441 100
119456 119435 100
119456 119431 100
119457 119456 100
119457 119455 100
119457 119453 100
119457 119452 100
119457 119451 100
119457 119450 100
119457 119449 100
119457 119448 100
119457 119444 100
119457 119441 100
119457 119435 100
119457 119431 100
119459 119457 100
119459 119456 100
119459 119455 100
119459 119453 100
119459 119452 100
119459 119451 100
119459 119450 100
119459 119449 100
119459 119448 100
119459 119444 100
119459 119441 100
119459 119435 100
119459 119431 100
119463 119459 100
119463 119457 100
119463 119456 100
119463 119455 100
119463 119453 100
119463 119452 100
119463 119451 100
119463 119450 100
119463 119449 100
119463 119448 100
119463 119444 100
119463 119441 100
119463 119435 100
119463 119431 100
119466 119463 100
119466 119459 100
119466 119457 100
119466 119456 100
119466 119455 100
119466 119453 100
119466 119452 100
119466 119451 100
119466 119450 100
119466 119449 100
119466 119448 100
119466 119444 100
119466 119441 100
119466 119435 100
119466 119431 100
119467 119466 100
119467 119463 100
119467 119459 100
119467 119457 100
119467 119456 100
119467 119455 100
119467 119453 100
119467 119452 100
119467 119451 100
119467 119450 100
119467 119449 100
119467 119448 100
119467 119444 100
119467 119441 100
119467 119435 100
119467 119431 100
119468 119467 100
119468 119466 100
119468 119463 100
119468 119459 100
119468 119457 100
119468 119456 100
119468 119455 100
119468 119453 100
119468 119452 100
119468 119451 100
119468 119450 100
119468 119449 100
119468 119448 100
119468 119444 100
119468 119441 100
119468 119435 100
119468 119431 100
119471 119468 100
119471 119467 100
119471 119466 100
119471 119463 100
119471 119459 100
119471 119457 100
119471 119456 100
119471 119455 100
119471 119453 100
119471 119452 100
119471 119451 100
119471 119450 100
119471 119449 100
119471 119448 100
119471 119444 100
119471 119441 100
119471 119435 100
119471 119431 100
119473 119471 100
119473 119468 100
119473 119467 100
119473 119466 100
119473 119463 100
119473 119459 100
119473 119457 100
119473 119456 100
119473 119455 100
119473 119453 100
119473 119452 100
119473 119451 100
119473 119450 100
119473 119449 100
119473 119448 100
119473 119444 100
119473 119441 100
119473 119435 100
119473 119431 100
119476 119447 100
119477 119476 100
119477 119447 100
119484 119473 100
119484 119471 100
119484 119468 100
119484 119467 100
119484 119466 100
119484 119463 100
119484 119459 100
119484 119457 100
119484 119456 100
119484 119455 100
119484 119453 100
119484 119452 100
119484 119451 100
119484 119450 100
119484 119449 100
119484 119448 100
119484 119444 100
119484 119441 100
119484 119435 100
119484 119431 100
119491 119490 100
119494 119491 100
119494 119490 100
119503 119494 100
119503 119491 100
119503 119490 100
119507 119506 100
119510 119507 100
119510 119506 100
119514 119510 100
119514 119507 100
119514 119506 100
119519 119514 100
119519 119510 100
119519 119507 100
119519 119506 100
119524 119519 100
119524 119514 100
119524 119510 100
119524 119507 100
119524 119506 100
119525 119524 100
119525 119519 100
119525 119514 100
119525 119510 100
119525 119507 100
119525 119506 100
119526 119525 100
119526 119524 100
119526 119519 100
119526 119514 100
119526 119510 100
119526 119507 100
119526 119506 100
119531 119528 100
119545 119531 100
119545 119528 100
119549 119545 100
119549 119531 100
119549 119528 100
119550 119549 100
119550 119545 100
119550 119531 100
119550 119528 100
119551 119550 100
119551 119549 100
119551 119545 100
119551 119531 100
119551 119528 100
119554 119551 100
119554 119550 100
119554 119549 100
119554 119545 100
119554 119531 100
119554 119528 100
119555 119533 100
119561 119554 100
119561 119551 100
119561 119550 100
119561 119549 100
119561 119545 100
119561 119531 100
119561 119528 100
119565 119564 100
119568 119565 100
119568 119564 100
119572 119568 100
119572 119565 100
119572 119564 100
119573 119572 100
119573 119568 100
119573 119565 100
119573 119564 100
119575 119573 100
119575 119572 100
119575 119568 100
119575 119565 100
119575 119564 100
119577 119575 100
119577 119573 100
119577 119572 100
119577 119568 100
119577 119565 100
119577 119564 100
119632 119628 100
119641 119638 100
119642 119641 100
119642 119638 100
119644 119642 100
119644 119641 100
119644 119638 100
119651 119644 100
119651 119642 100
119651 119641 100
119651 119638 100
119656 119651 100
119656 119644 100
119656 119642 100
119656 119641 100
119656 119638 100
119661 119656 100
119661 119651 100
119661 119644 100
119661 119642 100
119661 119641 100
119661 119638 100
119662 119661 100
119662 119656 100
119662 119651 100
119662 119644 100
119662 119642 100
119662 119641 100
119662 119638 100
119663 119662 100
119663 119661 100
119663 119656 100
119663 119651 100
119663 119644 100
119663 119642 100
119663 119641 100
119663 119638 100
119673 119663 100
119673 119662 100
119673 119661 100
119673 119656 100
119673 119651 100
119673 119644 100
119673 119642 100
119673 119641 100
119673 119638 100
119674 119673 100
119674 119663 100
119674 119662 100
119674 119661 100
119674 119656 100
119674 119651 100
119674 119644 100
119674 119642 100
119674 119641 100
119674 119638 100
119675 119674 100
119675 119673 100
119675 119663 100
119675 119662 100
119675 119661 100
119675 119656 100
119675 119651 100
119675 119644 100
119675 119642 100
119675 119641 100
119675 119638 100
119681 119675 100
119681 119674 100
119681 119673 100
119681 119663 100
119681 119662 100
119681 119661 100
119681 119656 100
119681 119651 100
119681 119644 100
119681 119642 100
119681 119641 100
119681 119638 100
119686 119681 100
119686 119675 100
119686 119674 100
119686 119673 100
119686 119663 100
119686 119662 100
119686 119661 100
119686 119656 100
119686 119651 100
119686 119644 100
119686 119642 100
119686 119641 100
119686 119638 100
119687 119686 100
119687 119681 100
119687 119675 100
119687 119674 100
119687 119673 100
119687 119663 100
119687 119662 100
119687 119661 100
119687 119656 100
119687 119651 100
119687 119644 100
119687 119642 100
119687 119641 100
119687 119638 100
119689 119687 100
119689 119686 100
119689 119681 100
119689 119675 100
119689 119674 100
119689 119673 100
119689 119663 100
119689 119662 100
119689 119661 100
119689 119656 100
119689 119651 100
119689 119644 100
119689 119642 100
119689 119641 100
119689 119638 100
119692 119689 100
119692 119687 100
119692 119686 100
119692 119681 100
119692 119675 100
119692 119674 100
119692 119673 100
119692 119663 100
119692 119662 100
119692 119661 100
119692 119656 100
119692 119651 100
119692 119644 100
119692 119642 100
119692 119641 100
119692 119638 100
119715 119708 100
119717 119706 100
119851 119847 100
119868 119851 100
119868 119847 100
119875 119868 100
119875 119851 100
119875 119847 100
120049 120044 100
120051 120049 100
120051 120044 100
120077 120051 100
120077 120049 100
120077 120044 100
120327 120314 100
120335 120327 100
120335 120314 100
120354 120335 100
120354 120327 100
120354 120314 100
120404 120402 100
120405 120404 100
120405 120402 100
120427 120423 100
120437 120427 100
120437 120423 100
120532 120531 100
120535 120532 100
120535 120531 100
120540 120538 100
120542 120540 100
120542 120538 100
120543 120541 100
120544 120542 100
120544 120540 100
120544 120538 100
120545 120544 100
120545 120542 100
120545 120540 100
120545 120538 100
120546 120545 100
120546 120544 100
120546 120542 100
120546 120540 100
120546 120538 100
120549 120546 100
120549 120545 100
120549 120544 100
120549 120542 100
120549 120540 100
120549 120538 100
120550 120543 100
120550 120541 100
120551 120549 100
120551 120546 100
120551 120545 100
120551 120544 100
120551 120542 100
120551 120540 100
120551 120538 100
120552 120551 100
120552 120549 100
120552 120546 100
120552 120545 100
120552 120544 100
120552 120542 100
120552 120540 100
120552 120538 100
120553 120552 100
120553 120551 100
120553 120549 100
120553 120546 100
120553 120545 100
120553 120544 100
120553 120542 100
120553 120540 100
120553 120538 100
120555 120553 100
120555 120552 100
120555 120551 100
120555 120549 100
120555 120546 100
120555 120545 100
120555 120544 100
120555 120542 100
120555 120540 100
120555 120538 100
120625 120604 100
120633 120632 100
120822 120809 100
120844 120838 100
121101 121079 100
121212 121101 100
121212 121079 100
121228 121212 100
121228 121101 100
121228 121079 100
121340 121338 100
121341 121340 100
121341 121338 100
121354 121341 100
121354 121340 100
121354 121338 100
121355 121354 100
121355 121341 100
121355 121340 100
121355 121338 100
121357 121355 100
121357 121354 100
121357 121341 100
121357 121340 100
121357 121338 100
121361 121357 100
121361 121355 100
121361 121354 100
121361 121341 100
121361 121340 100
121361 121338 100
121366 121361 100
121366 121357 100
121366 121355 100
121366 121354 100
121366 121341 100
121366 121340 100
121366 121338 100
121373 121366 100
121373 121361 100
121373 121357 100
121373 121355 100
121373 121354 100
121373 121341 100
121373 121340 100
121373 121338 100
121374 121373 100
121374 121366 100
121374 121361 100
121374 121357 100
121374 121355 100
121374 121354 100
121374 121341 100
121374 121340 100
121374 121338 100
121380 121374 100
121380 121373 100
121380 121366 100
121380 121361 100
121380 121357 100
121380 121355 100
121380 121354 100
121380 121341 100
121380 121340 100
121380 121338 100
121381 121380 100
121381 121374 100
121381 121373 100
121381 121366 100
121381 121361 100
121381 121357 100
121381 121355 100
121381 121354 100
121381 121341 100
121381 121340 100
121381 121338 100
121382 121381 100
121382 121380 100
121382 121374 100
121382 121373 100
121382 121366 100
121382 121361 100
121382 121357 100
121382 121355 100
121382 121354 100
121382 121341 100
121382 121340 100
121382 121338 100
121650 121642 100
121745 121709 100
121763 121722 100
121782 121734 100
121785 121742 100
121969 121963 100
121988 121981 100
122052 122050 100
122062 122052 100
122062 122050 100
122146 122142 100
122417 122413 100
122587 122586 100
122647 122645 100
122774 122770 100
122786 122779 100
122787 122786 100
122787 122779 100
122797 122787 100
122797 122786 100
122797 122779 100
122813 122802 100
122814 122813 100
122814 122802 100
122834 122833 100
122837 122834 100
122837 122833 100
122912 122908 100
122920 122917 100
122930 122929 100
122948 122947 100
122967 122958 100
122972 122967 100
122972 122958 100
122980 122976 100
123023 123019 100
123099 123097 100
123259 123253 100
123353 123352 100
123477 123476 100
123551 123545 100
123571 123569 100
123586 123584 100
123613 123609 100
123615 123613 100
123615 123609 100
123754 123751 100
123776 123775 100
123789 123788 100
123829 109791 100
123829 109788 100
123830 123829 100
123830 109791 100
123830 109788 100
123876 123869 100
123985 123971 100
124000 123999 100
124344 118845 100
124344 118843 100
124344 118840 100
124344 118838 100
124344 118837 100
124344 118836 100
124344 118835 100
124344 118833 100
124344 118831 100
124350 118898 100
124350 118897 100
124350 118895 100
124350 118894 100
124350 118892 100
124352 124350 100
124352 118898 100
124352 118897 100
124352 118895 100
124352 118894 100
124352 118892 100
124367 119131 100
124367 119119 100
124367 119118 100
124367 119112 100
124367 119111 100
124367 119105 100
124367 119103 100
124369 119150 100
124369 119144 100
124369 119143 100
124369 119141 100
124370 124369 100
124370 119150 100
124370 119144 100
124370 119143 100
124370 119141 100
124407 119526 100
124407 119525 100
124407 119524 100
124407 119519 100
124407 119514 100
124407 119510 100
124407 119507 100
124407 119506 100
124416 119577 100
124416 119575 100
124416 119573 100
124416 119572 100
124416 119568 100
124416 119565 100
124416 119564 100
124505 120555 100
124505 120553 100
124505 120552 100
124505 120551 100
124505 120549 100
124505 120546 100
124505 120545 100
124505 120544 100
124505 120542 100
124505 120540 100
124505 120538 100
124507 124505 100
124507 120555 100
124507 120553 100
124507 120552 100
124507 120551 100
124507 120549 100
124507 120546 100
124507 120545 100
124507 120544 100
124507 120542 100
124507 120540 100
124507 120538 100
124603 124590 100
124739 122587 100
124739 122586 100
124744 122629 100
124801 122972 100
124801 122967 100
124801 122958 100
124803 124801 100
124803 122972 100
124803 122967 100
124803 122958 100
124805 124803 100
124805 124801 100
124805 122972 100
124805 122967 100
124805 122958 100
124814 123044 100
125930 125924 100
125934 125930 100
125934 125924 100
125973 125971 100
126008 126005 100
126009 126008 100
126009 126005 100
126011 126009 100
126011 126008 100
126011 126005 100
126013 126011 100
126013 126009 100
126013 126008 100
126013 126005 100
126014 126013 100
126014 126011 100
126014 126009 100
126014 126008 100
126014 126005 100
126018 126014 100
126018 126013 100
126018 126011 100
126018 126009 100
126018 126008 100
126018 126005 100
126020 126018 100
126020 126014 100
126020 126013 100
126020 126011 100
126020 126009 100
126020 126008 100
126020 126005 100
126026 126020 100
126026 126018 100
126026 126014 100
126026 126013 100
126026 126011 100
126026 126009 100
126026 126008 100
126026 126005 100
126027 126026 100
126027 126020 100
126027 126018 100
126027 126014 100
126027 126013 100
126027 126011 100
126027 126009 100
126027 126008 100
126027 126005 100
126030 126027 100
126030 126026 100
126030 126020 100
126030 126018 100
126030 126014 100
126030 126013 100
126030 126011 100
126030 126009 100
126030 126008 100
126030 126005 100
127683 127676 100
127834 127833 100
127884 127882 100
127958 127957 100
127959 127958 100
127959 127957 100
128068 128066 100
128069 128068 100
128069 128066 100
128079 128074 100
128082 128079 100
128082 128074 100
128083 128082 100
128083 128079 100
128083 128074 100
128086 128083 100
128086 128082 100
128086 128079 100
128086 128074 100
128087 128086 100
128087 128083 100
128087 128082 100
128087 128079 100
128087 128074 100
128102 128092 100
128105 128104 100
128228 128224 100
128496 128486 100
128498 128496 100
128498 128486 100
128503 128502 100
128509 128503 100
128509 128502 100
128680 128676 100
128866 128863 100
129006 128996 100
129009 129006 100
129009 128996 100
129010 129009 100
129010 129006 100
129010 128996 100
129037 129031 100
129083 129073 100
129111 129083 100
129111 129073 100
129127 129111 100
129127 129083 100
129127 129073 100
129150 129144 100
129184 129180 100
129268 129259 100
129358 129357 100
129371 129365 100
129373 129371 100
129373 129365 100
129374 129373 100
129374 129371 100
129374 129365 100
129376 129374 100
129376 129373 100
129376 129371 100
129376 129365 100
129383 129333 100
129386 129385 100
129526 129522 100
129595 129593 100
129633 129630 100
129634 129633 100
129634 129630 100
129635 129634 100
129635 129633 100
129635 129630 100
129636 129635 100
129636 129634 100
129636 129633 100
129636 129630 100
129669 129668 100
129671 129669 100
129671 129668 100
129728 129723 100
129759 129757 100
129767 129759 100
129767 129757 100
129919 129912 100
130007 130005 100
130008 130007 100
130008 130005 100
130009 130008 100
130009 130007 100
130009 130005 100
130011 130009 100
130011 130008 100
130011 130007 100
130011 130005 100
130012 130011 100
130012 130009 100
130012 130008 100
130012 130007 100
130012 130005 100
130017 130012 100
130017 130011 100
130017 130009 100
130017 130008 100
130017 130007 100
130017 130005 100
130331 130323 100
130332 130331 100
130332 130323 100
130374 130367 100
130380 130374 100
130380 130367 100
130503 130502 100
130504 130503 100
130504 130502 100
130505 130504 100
130505 130503 100
130505 130502 100
130510 130505 100
130510 130504 100
130510 130503 100
130510 130502 100
130525 130521 100
130530 130525 100
130530 130521 100
130531 130530 100
130531 130525 100
130531 130521 100
130532 130531 100
130532 130530 100
130532 130525 100
130532 130521 100
130537 130536 100
130538 130537 100
130538 130536 100
130560 130559 100
130569 130565 100
130616 130614 100
130869 130867 100
130943 130941 100
130947 130943 100
130947 130941 100
130993 130992 100
130997 130993 100
130997 130992 100
131107 131101 100
131118 131108 100
131156 131107 100
131156 131101 100
131163 131156 100
131163 131107 100
131163 131101 100
131165 131163 100
131165 131156 100
131165 131107 100
131165 131101 100
131259 131249 100
131265 131259 100
131265 131249 100
131278 131265 100
131278 131259 100
131278 131249 100
131290 131278 100
131290 131265 100
131290 131259 100
131290 131249 100
131292 131290 100
131292 131278 100
131292 131265 100
131292 131259 100
131292 131249 100
131319 131315 100
131366 131355 100
131376 131366 100
131376 131355 100
131390 131376 100
131390 131366 100
131390 131355 100
131399 131390 100
131399 131376 100
131399 131366 100
131399 131355 100
131410 131399 100
131410 131390 100
131410 131376 100
131410 131366 100
131410 131355 100
131413 131410 100
131413 131399 100
131413 131390 100
131413 131376 100
131413 131366 100
131413 131355 100
131418 131405 100
131907 131843 100
132770 132769 100
132973 132963 100
132975 132973 100
132975 132963 100
132978 132975 100
132978 132973 100
132978 132963 100
132979 132978 100
132979 132975 100
132979 132973 100
132979 132963 100
132980 132979 100
132980 132978 100
132980 132975 100
132980 132973 100
132980 132963 100
133075 133038 100
133280 133222 100
133289 133280 100
133289 133222 100
133415 133406 100
133489 133487 100
133492 133472 100
133518 133515 100
133519 133518 100
133519 133515 100
133521 133519 100
133521 133518 100
133521 133515 100
133533 133521 100
133533 133519 100
133533 133518 100
133533 133515 100
133542 133533 100
133542 133521 100
133542 133519 100
133542 133518 100
133542 133515 100
133543 133542 100
133543 133533 100
133543 133521 100
133543 133519 100
133543 133518 100
133543 133515 100
133545 133543 100
133545 133542 100
133545 133533 100
133545 133521 100
133545 133519 100
133545 133518 100
133545 133515 100
133547 133545 100
133547 133543 100
133547 133542 100
133547 133533 100
133547 133521 100
133547 133519 100
133547 133518 100
133547 133515 100
133777 133770 100
133791 133777 100
133791 133770 100
133798 133791 100
133798 133777 100
133798 133770 100
133799 133798 100
133799 133791 100
133799 133777 100
133799 133770 100
133800 133799 100
133800 133798 100
133800 133791 100
133800 133777 100
133800 133770 100
133804 133800 100
133804 133799 100
133804 133798 100
133804 133791 100
133804 133777 100
133804 133770 100
133809 133804 100
133809 133800 100
133809 133799 100
133809 133798 100
133809 133791 100
133809 133777 100
133809 133770 100
133810 133809 100
133810 133804 100
133810 133800 100
133810 133799 100
133810 133798 100
133810 133791 100
133810 133777 100
133810 133770 100
133812 133810 100
133812 133809 100
133812 133804 100
133812 133800 100
133812 133799 100
133812 133798 100
133812 133791 100
133812 133777 100
133812 133770 100
133821 133812 100
133821 133810 100
133821 133809 100
133821 133804 100
133821 133800 100
133821 133799 100
133821 133798 100
133821 133791 100
133821 133777 100
133821 133770 100
133825 133821 100
133825 133812 100
133825 133810 100
133825 133809 100
133825 133804 100
133825 133800 100
133825 133799 100
133825 133798 100
133825 133791 100
133825 133777 100
133825 133770 100
133826 133825 100
133826 133821 100
133826 133812 100
133826 133810 100
133826 133809 100
133826 133804 100
133826 133800 100
133826 133799 100
133826 133798 100
133826 133791 100
133826 133777 100
133826 133770 100
133845 133844 100
133846 133845 100
133846 133844 100
133847 133846 100
133847 133845 100
133847 133844 100
133848 133847 100
133848 133846 100
133848 133845 100
133848 133844 100
133849 133848 100
133849 133847 100
133849 133846 100
133849 133845 100
133849 133844 100
133850 133849 100
133850 133848 100
133850 133847 100
133850 133846 100
133850 133845 100
133850 133844 100
133853 133850 100
133853 133849 100
133853 133848 100
133853 133847 100
133853 133846 100
133853 133845 100
133853 133844 100
133867 133853 100
133867 133850 100
133867 133849 100
133867 133848 100
133867 133847 100
133867 133846 100
133867 133845 100
133867 133844 100
133868 133867 100
133868 133853 100
133868 133850 100
133868 133849 100
133868 133848 100
133868 133847 100
133868 133846 100
133868 133845 100
133868 133844 100
133869 133868 100
133869 133867 100
133869 133853 100
133869 133850 100
133869 133849 100
133869 133848 100
133869 133847 100
133869 133846 100
133869 133845 100
133869 133844 100
133871 133869 100
133871 133868 100
133871 133867 100
133871 133853 100
133871 133850 100
133871 133849 100
133871 133848 100
133871 133847 100
133871 133846 100
133871 133845 100
133871 133844 100
133875 133871 100
133875 133869 100
133875 133868 100
133875 133867 100
133875 133853 100
133875 133850 100
133875 133849 100
133875 133848 100
133875 133847 100
133875 133846 100
133875 133845 100
133875 133844 100
133883 133875 100
133883 133871 100
133883 133869 100
133883 133868 100
133883 133867 100
133883 133853 100
133883 133850 100
133883 133849 100
133883 133848 100
133883 133847 100
133883 133846 100
133883 133845 100
133883 133844 100
133884 133883 100
133884 133875 100
133884 133871 100
133884 133869 100
133884 133868 100
133884 133867 100
133884 133853 100
133884 133850 100
133884 133849 100
133884 133848 100
133884 133847 100
133884 133846 100
133884 133845 100
133884 133844 100
133887 133884 100
133887 133883 100
133887 133875 100
133887 133871 100
133887 133869 100
133887 133868 100
133887 133867 100
133887 133853 100
133887 133850 100
133887 133849 100
133887 133848 100
133887 133847 100
133887 133846 100
133887 133845 100
133887 133844 100
133972 133961 100
133983 133972 100
133983 133961 100
134196 134195 100
134197 134196 100
134197 134195 100
134200 134197 100
134200 134196 100
134200 134195 100
134202 134200 100
134202 134197 100
134202 134196 100
134202 134195 100
134204 134202 100
134204 134200 100
134204 134197 100
134204 134196 100
134204 134195 100
134205 134204 100
134205 134202 100
134205 134200 100
134205 134197 100
134205 134196 100
134205 134195 100
134207 134205 100
134207 134204 100
134207 134202 100
134207 134200 100
134207 134197 100
134207 134196 100
134207 134195 100
134208 134207 100
134208 134205 100
134208 134204 100
134208 134202 100
134208 134200 100
134208 134197 100
134208 134196 100
134208 134195 100
134210 134208 100
134210 134207 100
134210 134205 100
134210 134204 100
134210 134202 100
134210 134200 100
134210 134197 100
134210 134196 100
134210 134195 100
134211 134210 100
134211 134208 100
134211 134207 100
134211 134205 100
134211 134204 100
134211 134202 100
134211 134200 100
134211 134197 100
134211 134196 100
134211 134195 100
134216 134212 100
134218 134211 100
134218 134210 100
134218 134208 100
134218 134207 100
134218 134205 100
134218 134204 100
134218 134202 100
134218 134200 100
134218 134197 100
134218 134196 100
134218 134195 100
134272 134269 100
134671 134668 100
134673 134671 100
134673 134668 100
134674 134673 100
134674 134671 100
134674 134668 100
134801 134798 100
134828 134823 100
134950 134949 100
134952 134951 100
134982 134981 100
135038 135034 100
135093 135092 100
135094 135093 100
135094 135092 100
135965 135964 100
135967 135965 100
135967 135964 100
136215 136208 100
136348 136347 100
136354 136352 100
136358 136354 100
136358 136352 100
136361 136358 100
136361 136354 100
136361 136352 100
136364 136361 100
136364 136358 100
136364 136354 100
136364 136352 100
136572 136570 100
136576 136572 100
136576 136570 100
136602 136598 100
136612 136605 100
136614 136612 100
136614 136605 100
136616 136614 100
136616 136612 100
136616 136605 100
136626 136616 100
136626 136614 100
136626 136612 100
136626 136605 100
136727 136726 100
136730 136727 100
136730 136726 100
136734 136732 100
136736 136734 100
136736 136732 100
136774 136772 100
136779 136778 100
136850 136849 100
136851 136850 100
136851 136849 100
136852 136851 100
136852 136850 100
136852 136849 100
136853 136852 100
136853 136851 100
136853 136850 100
136853 136849 100
136854 136853 100
136854 136852 100
136854 136851 100
136854 136850 100
136854 136849 100
136856 136854 100
136856 136853 100
136856 136852 100
136856 136851 100
136856 136850 100
136856 136849 100
136861 136859 100
136862 136861 100
136862 136859 100
136928 136926 100
136930 136928 100
136930 136926 100
137084 137078 100
137087 137084 100
137087 137078 100
137088 137087 100
137088 137084 100
137088 137078 100
137092 137089 100
137096 137092 100
137096 137089 100
137100 137096 100
137100 137092 100
137100 137089 100
137113 137110 100
137138 137134 100
137140 137138 100
137140 137134 100
137352 137350 100
137398 137395 100
137404 137398 100
137404 137395 100
137408 137404 100
137408 137398 100
137408 137395 100
137422 137416 100
137451 137450 100
137469 137451 100
137469 137450 100
137480 137477 100
137481 137480 100
137481 137477 100
137484 137481 100
137484 137480 100
137484 137477 100
137485 137484 100
137485 137481 100
137485 137480 100
137485 137477 100
137487 137485 100
137487 137484 100
137487 137481 100
137487 137480 100
137487 137477 100
137493 137491 100
137645 137643 100
137646 137645 100
137646 137643 100
137647 137646 100
137647 137645 100
137647 137643 100
137650 137647 100
137650 137646 100
137650 137645 100
137650 137643 100
137651 137650 100
137651 137647 100
137651 137646 100
137651 137645 100
137651 137643 100
137929 137925 100
137938 137936 100
137940 137938 100
137940 137936 100
137941 137940 100
137941 137938 100
137941 137936 100
137948 137941 100
137948 137940 100
137948 137938 100
137948 137936 100
137950 137948 100
137950 137941 100
137950 137940 100
137950 137938 100
137950 137936 100
137954 137939 100
137956 137954 100
137956 137939 100
138011 138010 100
138015 138011 100
138015 138010 100
138025 138015 100
138025 138011 100
138025 138010 100
138033 138025 100
138033 138015 100
138033 138011 100
138033 138010 100
138047 138042 100
138050 138047 100
138050 138042 100
138073 138070 100
138132 138130 100
138148 138132 100
138148 138130 100
138159 138148 100
138159 138132 100
138159 138130 100
138173 138172 100
138175 138173 100
138175 138172 100
138177 138175 100
138177 138173 100
138177 138172 100
138181 138177 100
138181 138175 100
138181 138173 100
138181 138172 100
138182 138181 100
138182 138177 100
138182 138175 100
138182 138173 100
138182 138172 100
138184 138182 100
138184 138181 100
138184 138177 100
138184 138175 100
138184 138173 100
138184 138172 100
138186 138184 100
138186 138182 100
138186 138181 100
138186 138177 100
138186 138175 100
138186 138173 100
138186 138172 100
138336 138321 100
138429 138424 100
138631 138628 100
138825 138821 100
138830 138820 100
138889 138881 100
138946 138942 100
139049 139041 100
139156 139152 100
139161 139156 100
139161 139152 100
139200 139199 100
139202 139200 100
139202 139199 100
139207 139202 100
139207 139200 100
139207 139199 100
139210 139207 100
139210 139202 100
139210 139200 100
139210 139199 100
139214 139210 100
139214 139207 100
139214 139202 100
139214 139200 100
139214 139199 100
139215 139214 100
139215 139210 100
139215 139207 100
139215 139202 100
139215 139200 100
139215 139199 100
139216 139215 100
139216 139214 100
139216 139210 100
139216 139207 100
139216 139202 100
139216 139200 100
139216 139199 100
139231 139223 100
139334 139332 100
139347 139334 100
139347 139332 100
139352 139347 100
139352 139334 100
139352 139332 100
139368 139333 100
139550 139549 100
139582 139567 100
139684 139663 100
139687 139684 100
139687 139663 100
139746 139740 100
139760 139746 100
139760 139740 100
139795 139792 100
139872 139857 100
139873 139872 100
139873 139857 100
139900 139898 100
139917 139916 100
139946 139945 100
139959 139946 100
139959 139945 100
139979 139975 100
139987 139970 100
140010 140004 100
140138 140137 100
140142 140138 100
140142 140137 100
140146 140142 100
140146 140138 100
140146 140137 100
140161 140156 100
140175 140172 100
140182 140176 100
140186 140182 100
140186 140176 100
150507 116146 100
150507 116143 100
150507 116141 100
150507 116140 100
150507 116135 100
150507 116130 100
150507 116127 100
150507 116126 100
150507 116108 100
150563 150562 100
150564 150563 100
150564 150562 100
150565 150564 100
150565 150563 100
150565 150562 100
150570 150568 100
150620 150617 100
150629 120550 100
150629 120543 100
150629 120541 100
150630 124507 100
150630 124505 100
150630 120555 100
150630 120553 100
150630 120552 100
150630 120551 100
150630 120549 100
150630 120546 100
150630 120545 100
150630 120544 100
150630 120542 100
150630 120540 100
150630 120538 100
150648 150647 100
150649 150648 100
150649 150647 100
150658 150653 100
150660 150658 100
150660 150653 100
150664 150660 100
150664 150658 100
150664 150653 100
150665 150664 100
150665 150660 100
150665 150658 100
150665 150653 100
150669 150665 100
150669 150664 100
150669 150660 100
150669 150658 100
150669 150653 100
150670 150669 100
150670 150665 100
150670 150664 100
150670 150660 100
150670 150658 100
150670 150653 100
150671 150670 100
150671 150669 100
150671 150665 100
150671 150664 100
150671 150660 100
150671 150658 100
150671 150653 100
150676 150671 100
150676 150670 100
150676 150669 100
150676 150665 100
150676 150664 100
150676 150660 100
150676 150658 100
150676 150653 100
150678 150676 100
150678 150671 100
150678 150670 100
150678 150669 100
150678 150665 100
150678 150664 100
150678 150660 100
150678 150658 100
150678 150653 100
151200 151194 100
152218 150678 100
152218 150676 100
152218 150671 100
152218 150670 100
152218 150669 100
152218 150665 100
152218 150664 100
152218 150660 100
152218 150658 100
152218 150653 100
154121 116191 100
154121 116188 100
154121 116185 100
154121 116179 100
154121 116177 100
154121 116175 100
175181 175132 100
175227 175199 100
175238 175227 100
175238 175199 100
175249 175238 100
175249 175227 100
175249 175199 100
175252 175249 100
175252 175238 100
175252 175227 100
175252 175199 100
175330 175252 100
175330 175249 100
175330 175238 100
175330 175227 100
175330 175199 100
175339 175330 100
175339 175252 100
175339 175249 100
175339 175238 100
175339 175227 100
175339 175199 100
175343 175339 100
175343 175330 100
175343 175252 100
175343 175249 100
175343 175238 100
175343 175227 100
175343 175199 100
175347 175343 100
175347 175339 100
175347 175330 100
175347 175252 100
175347 175249 100
175347 175238 100
175347 175227 100
175347 175199 100
175361 175347 100
175361 175343 100
175361 175339 100
175361 175330 100
175361 175252 100
175361 175249 100
175361 175238 100
175361 175227 100
175361 175199 100
175386 175376 100
175388 175386 100
175388 175376 100
175709 175660 100
175741 175737 100
175743 175741 100
175743 175737 100
175745 175743 100
175745 175741 100
175745 175737 100
175747 175745 100
175747 175743 100
175747 175741 100
175747 175737 100
175748 175747 100
175748 175745 100
175748 175743 100
175748 175741 100
175748 175737 100
175749 175748 100
175749 175747 100
175749 175745 100
175749 175743 100
175749 175741 100
175749 175737 100
176098 175749 100
176098 175748 100
176098 175747 100
176098 175745 100
176098 175743 100
176098 175741 100
176098 175737 100
176101 176098 100
176101 175749 100
176101 175748 100
176101 175747 100
176101 175745 100
176101 175743 100
176101 175741 100
176101 175737 100
176102 176101 100
176102 176098 100
176102 175749 100
176102 175748 100
176102 175747 100
176102 175745 100
176102 175743 100
176102 175741 100
176102 175737 100
176112 176102 100
176112 176101 100
176112 176098 100
176112 175749 100
176112 175748 100
176112 175747 100
176112 175745 100
176112 175743 100
176112 175741 100
176112 175737 100
176137 176112 100
176137 176102 100
176137 176101 100
176137 176098 100
176137 175749 100
176137 175748 100
176137 175747 100
176137 175745 100
176137 175743 100
176137 175741 100
176137 175737 100
176161 176137 100
176161 176112 100
176161 176102 100
176161 176101 100
176161 176098 100
176161 175749 100
176161 175748 100
176161 175747 100
176161 175745 100
176161 175743 100
176161 175741 100
176161 175737 100
176163 176161 100
176163 176137 100
176163 176112 100
176163 176102 100
176163 176101 100
176163 176098 100
176163 175749 100
176163 175748 100
176163 175747 100
176163 175745 100
176163 175743 100
176163 175741 100
176163 175737 100
176164 176163 100
176164 176161 100
176164 176137 100
176164 176112 100
176164 176102 100
176164 176101 100
176164 176098 100
176164 175749 100
176164 175748 100
176164 175747 100
176164 175745 100
176164 175743 100
176164 175741 100
176164 175737 100
176165 176164 100
176165 176163 100
176165 176161 100
176165 176137 100
176165 176112 100
176165 176102 100
176165 176101 100
176165 176098 100
176165 175749 100
176165 175748 100
176165 175747 100
176165 175745 100
176165 175743 100
176165 175741 100
176165 175737 100
176166 176165 100
176166 176164 100
176166 176163 100
176166 176161 100
176166 176137 100
176166 176112 100
176166 176102 100
176166 176101 100
176166 176098 100
176166 175749 100
176166 175748 100
176166 175747 100
176166 175745 100
176166 175743 100
176166 175741 100
176166 175737 100
176169 176166 100
176169 176165 100
176169 176164 100
176169 176163 100
176169 176161 100
176169 176137 100
176169 176112 100
176169 176102 100
176169 176101 100
176169 176098 100
176169 175749 100
176169 175748 100
176169 175747 100
176169 175745 100
176169 175743 100
176169 175741 100
176169 175737 100
176174 176169 100
176174 176166 100
176174 176165 100
176174 176164 100
176174 176163 100
176174 176161 100
176174 176137 100
176174 176112 100
176174 176102 100
176174 176101 100
176174 176098 100
176174 175749 100
176174 175748 100
176174 175747 100
176174 175745 100
176174 175743 100
176174 175741 100
176174 175737 100
176191 176187 100
176200 176191 100
176200 176187 100
176204 176200 100
176204 176191 100
176204 176187 100
176209 176204 100
176209 176200 100
176209 176191 100
176209 176187 100
176211 176209 100
176211 176204 100
176211 176200 100
176211 176191 100
176211 176187 100
176213 176211 100
176213 176209 100
176213 176204 100
176213 176200 100
176213 176191 100
176213 176187 100
176224 176213 100
176224 176211 100
176224 176209 100
176224 176204 100
176224 176200 100
176224 176191 100
176224 176187 100
176225 176224 100
176225 176213 100
176225 176211 100
176225 176209 100
176225 176204 100
176225 176200 100
176225 176191 100
176225 176187 100
176226 176225 100
176226 176224 100
176226 176213 100
176226 176211 100
176226 176209 100
176226 176204 100
176226 176200 100
176226 176191 100
176226 176187 100
176230 176226 100
176230 176225 100
176230 176224 100
176230 176213 100
176230 176211 100
176230 176209 100
176230 176204 100
176230 176200 100
176230 176191 100
176230 176187 100
259535 150620 100
259535 150617 100
260246 137408 100
260246 137404 100
260246 137398 100
260246 137395 100
260252 260246 100
260252 137408 100
260252 137404 100
260252 137398 100
260252 137395 100
260253 260252 100
260253 260246 100
260253 137408 100
260253 137404 100
260253 137398 100
260253 137395 100
286534 285879 100
297608 297606 100
297609 297608 100
297609 297606 100
297614 297609 100
297614 297608 100
297614 297606 100
297618 297614 100
297618 297609 100
297618 297608 100
297618 297606 100
328323 328319 100
426627 426545 100
439114 439110 100
439132 333757 100
443909 439124 100
443924 443909 100
443924 439124 100
601512 601511 100
612375 612349 100
709447 709432 100
726010 725969 100
729086 729047 100
737583 737528 100
737633 737583 100
737633 737528 100
