128503 128509 911 2733 100
128503 128502 911 2732 100
123985 123971 850 2549 100
123044 124814 817 2612 100
122967 122958 814 2441 100
122967 124805 814 2611 100
122967 122972 814 2442 100
122967 124803 814 2610 100
612375 612349 2232 6695 100
121709 121745 765 2299 100
121381 121357 755 2260 100
121381 121361 755 2261 100
121381 121373 755 2262 100
121381 121374 755 2263 100
121381 121340 755 2257 100
121381 121380 755 2264 100
121381 121338 755 2256 100
121381 121341 755 2258 100
121381 121382 755 2265 100
121381 121355 755 2259 100
121366 121340 754 2257 100
121366 121341 754 2258 100
121366 121355 754 2259 100
121366 121357 754 2260 100
121366 121380 754 2264 100
121366 121382 754 2265 100
121366 121374 754 2263 100
121366 121338 754 2256 100
121366 121361 754 2261 100
121366 121373 754 2262 100
121354 121361 753 2261 100
121354 121357 753 2260 100
121354 121338 753 2256 100
121354 121340 753 2257 100
121354 121380 753 2264 100
121354 121382 753 2265 100
121354 121341 753 2258 100
121354 121374 753 2263 100
121354 121373 753 2262 100
121354 121355 753 2259 100
121228 121212 751 2252 100
121228 121079 751 2241 100
120553 120544 732 2190 100
120553 120545 732 2191 100
120553 120546 732 2192 100
120553 120551 732 2194 100
120553 120555 732 2196 100
120553 124505 732 2596 100
120553 150630 732 3768 100
120553 120540 732 2187 100
120553 124507 732 2597 100
120553 120542 732 2189 100
120553 120552 732 2195 100
120549 120551 731 2194 100
120549 120540 731 2187 100
120549 150630 731 3768 100
120549 120542 731 2189 100
120549 124507 731 2597 100
120549 120555 731 2196 100
120549 124505 731 2596 100
120549 120544 731 2190 100
120549 120552 731 2195 100
120549 120545 731 2191 100
120549 120546 731 2192 100
120543 120541 730 2188 100
120543 120550 730 2193 100
120538 120546 729 2192 100
120538 120545 729 2191 100
120538 120544 729 2190 100
120538 120551 729 2194 100
120538 120555 729 2196 100
120538 124505 729 2596 100
120538 120552 729 2195 100
120538 120542 729 2189 100
120538 124507 729 2597 100
120538 120540 729 2187 100
120538 150630 729 3768 100
120427 120423 724 2171 100
120427 120437 724 2174 100
120354 120335 721 2161 100
120354 120327 721 2160 100
120314 120327 720 2160 100
120314 120335 720 2161 100
120077 120049 713 2132 100
120077 120044 713 2130 100
120051 120049 711 2132 100
120051 120044 711 2130 100
119851 119847 702 2105 100
119851 119868 702 2108 100
119674 119651 695 2079 100
119674 119656 695 2080 100
119674 119661 695 2081 100
119674 119663 695 2082 100
119674 119675 695 2085 100
119674 119673 695 2084 100
119674 119642 695 2078 100
119674 119689 695 2088 100
119674 119692 695 2089 100
119674 119686 695 2087 100
119674 119681 695 2086 100
119674 119638 695 2076 100
119674 119641 695 2077 100
119662 119641 694 2077 100
119662 119642 694 2078 100
119662 119651 694 2079 100
119662 119656 694 2080 100
119662 119663 694 2082 100
119662 119661 694 2081 100
119662 119638 694 2076 100
119662 119689 694 2088 100
119662 119692 694 2089 100
119662 119686 694 2087 100
119662 119681 694 2086 100
119662 119675 694 2085 100
119662 119673 694 2084 100
119568 119565 690 2069 100
119568 119572 690 2070 100
119568 119564 690 2068 100
119568 124416 690 2593 100
119568 119575 690 2072 100
119568 119573 690 2071 100
119549 119545 688 2063 100
119549 119550 688 2064 100
119549 119531 688 2061 100
119549 119551 688 2065 100
119549 119561 688 2067 100
119549 119554 688 2066 100
119528 119545 687 2063 100
119528 119531 687 2061 100
119528 119550 687 2064 100
119528 119551 687 2065 100
119528 119561 687 2067 100
119528 119554 687 2066 100
119503 119491 684 2050 100
119503 119490 684 2049 100
119503 119494 684 2051 100
119467 119455 681 2038 100
119467 119456 681 2039 100
119467 119459 681 2040 100
119467 119463 681 2041 100
119467 119468 681 2043 100
119467 119466 681 2042 100
119467 119453 681 2037 100
119467 119451 681 2036 100
119467 119450 681 2035 100
119467 119449 681 2034 100
119467 119471 681 2044 100
119467 119435 681 2030 100
119467 119473 681 2045 100
119467 119431 681 2028 100
119467 119444 681 2031 100
119467 119484 681 2048 100
119457 119450 680 2035 100
119457 119451 680 2036 100
119457 119453 680 2037 100
119457 119455 680 2038 100
119457 119459 680 2040 100
119457 119456 680 2039 100
119457 119449 680 2034 100
119457 119444 680 2031 100
119457 119484 680 2048 100
119457 119435 680 2030 100
119457 119468 680 2043 100
119457 119471 680 2044 100
119457 119466 680 2042 100
119457 119463 680 2041 100
119457 119431 680 2028 100
119457 119473 680 2045 100
119452 119444 679 2031 100
119452 119484 679 2048 100
119452 119449 679 2034 100
119452 119450 679 2035 100
119452 119435 679 2030 100
119452 119453 679 2037 100
119452 119451 679 2036 100
119452 119431 679 2028 100
119452 119473 679 2045 100
119452 119455 679 2038 100
119452 119468 679 2043 100
119452 119471 679 2044 100
119452 119466 679 2042 100
119452 119463 679 2041 100
119452 119459 679 2040 100
119452 119456 679 2039 100
119448 119451 678 2036 100
119448 119450 678 2035 100
119448 119431 678 2028 100
119448 119473 678 2045 100
119448 119435 678 2030 100
119448 119449 678 2034 100
119448 119444 678 2031 100
119448 119484 678 2048 100
119448 119453 678 2037 100
119448 119455 678 2038 100
119448 119468 678 2043 100
119448 119471 678 2044 100
119448 119466 678 2042 100
119448 119463 678 2041 100
119448 119459 678 2040 100
119448 119456 678 2039 100
119441 119451 677 2036 100
119441 119449 677 2034 100
119441 119450 677 2035 100
119441 119431 677 2028 100
119441 119473 677 2045 100
119441 119444 677 2031 100
119441 119484 677 2048 100
119441 119435 677 2030 100
119441 119453 677 2037 100
119441 119455 677 2038 100
119441 119468 677 2043 100
119441 119471 677 2044 100
119441 119466 677 2042 100
119441 119463 677 2041 100
119441 119459 677 2040 100
119441 119456 677 2039 100
119422 119412 676 2022 100
119422 119413 676 2023 100
119422 119414 676 2024 100
119422 119418 676 2025 100
119422 119421 676 2027 100
119422 119389 676 2015 100
119422 119387 676 2014 100
119422 119409 676 2021 100
119422 119396 676 2016 100
119422 119406 676 2020 100
119422 119420 676 2026 100
119417 119406 675 2020 100
119417 119409 675 2021 100
119417 119412 675 2022 100
119417 119413 675 2023 100
119417 119418 675 2025 100
119417 119420 675 2026 100
119417 119421 675 2027 100
119417 119387 675 2014 100
119417 119389 675 2015 100
119417 119396 675 2016 100
119417 119414 675 2024 100
119410 119396 674 2016 100
119410 119406 674 2020 100
119410 119389 674 2015 100
119410 119412 674 2022 100
119410 119387 674 2014 100
119410 119420 674 2026 100
119410 119421 674 2027 100
119410 119418 674 2025 100
119410 119414 674 2024 100
119410 119413 674 2023 100
119410 119409 674 2021 100
119402 119406 673 2020 100
119402 119409 673 2021 100
119402 119387 673 2014 100
119402 119396 673 2016 100
119402 119412 673 2022 100
119402 119420 673 2026 100
119402 119421 673 2027 100
119402 119418 673 2025 100
119402 119414 673 2024 100
119402 119413 673 2023 100
119402 119389 673 2015 100
119394 119406 672 2020 100
119394 119409 672 2021 100
119394 119387 672 2014 100
119394 119396 672 2016 100
119394 119412 672 2022 100
119394 119420 672 2026 100
119394 119421 672 2027 100
119394 119418 672 2025 100
119394 119414 672 2024 100
119394 119413 672 2023 100
119394 119389 672 2015 100
119377 119406 671 2020 100
119377 119396 671 2016 100
119377 119409 671 2021 100
119377 119387 671 2014 100
119377 119412 671 2022 100
119377 119420 671 2026 100
119377 119421 671 2027 100
119377 119418 671 2025 100
119377 119414 671 2024 100
119377 119413 671 2023 100
119377 119389 671 2015 100
119339 119346 668 2006 100
119339 119343 668 2005 100
119339 119310 668 1991 100
119339 119314 668 1992 100
119339 119315 668 1993 100
119339 119329 668 1999 100
119339 119349 668 2007 100
119339 119350 668 2008 100
119339 119352 668 2009 100
119339 119357 668 2011 100
119339 119318 668 1994 100
119339 119356 668 2010 100
119339 119330 668 2000 100
119339 119336 668 2001 100
119339 119337 668 2002 100
119339 119341 668 2004 100
119339 119338 668 2003 100
119339 119328 668 1998 100
119339 119325 668 1997 100
119339 119324 668 1996 100
119339 119323 668 1995 100
119331 119346 667 2006 100
119331 119343 667 2005 100
119331 119341 667 2004 100
119331 119338 667 2003 100
119331 119337 667 2002 100
119331 119349 667 2007 100
119331 119350 667 2008 100
119331 119310 667 1991 100
119331 119352 667 2009 100
119331 119314 667 1992 100
119331 119357 667 2011 100
119331 119318 667 1994 100
119331 119324 667 1996 100
119331 119356 667 2010 100
119331 119315 667 1993 100
119331 119325 667 1997 100
119331 119328 667 1998 100
119331 119329 667 1999 100
119331 119336 667 2001 100
119331 119330 667 2000 100
119331 119323 667 1995 100
119326 119346 666 2006 100
119326 119343 666 2005 100
119326 119341 666 2004 100
119326 119338 666 2003 100
119326 119337 666 2002 100
119326 119315 666 1993 100
119326 119356 666 2010 100
119326 119349 666 2007 100
119326 119350 666 2008 100
119326 119310 666 1991 100
119326 119352 666 2009 100
119326 119314 666 1992 100
119326 119357 666 2011 100
119326 119318 666 1994 100
119326 119323 666 1995 100
119326 119324 666 1996 100
119326 119328 666 1998 100
119326 119325 666 1997 100
119326 119329 666 1999 100
119326 119330 666 2000 100
119326 119336 666 2001 100
119320 119346 665 2006 100
119320 119343 665 2005 100
119320 119341 665 2004 100
119320 119338 665 2003 100
119320 119337 665 2002 100
119320 119349 665 2007 100
119320 119350 665 2008 100
119320 119310 665 1991 100
119320 119352 665 2009 100
119320 119314 665 1992 100
119320 119357 665 2011 100
119320 119318 665 1994 100
119320 119324 665 1996 100
119320 119356 665 2010 100
119320 119315 665 1993 100
119320 119323 665 1995 100
119320 119325 665 1997 100
119320 119328 665 1998 100
119320 119329 665 1999 100
119320 119330 665 2000 100
119320 119336 665 2001 100
119311 119346 664 2006 100
119311 119343 664 2005 100
119311 119341 664 2004 100
119311 119338 664 2003 100
119311 119337 664 2002 100
119311 119349 664 2007 100
119311 119350 664 2008 100
119311 119310 664 1991 100
119311 119352 664 2009 100
119311 119314 664 1992 100
119311 119357 664 2011 100
119311 119318 664 1994 100
119311 119324 664 1996 100
119311 119356 664 2010 100
119311 119315 664 1993 100
119311 119323 664 1995 100
119311 119325 664 1997 100
119311 119328 664 1998 100
119311 119329 664 1999 100
119311 119330 664 2000 100
119311 119336 664 2001 100
119297 119296 663 1988 100
119297 119298 663 1989 100
119297 119293 663 1987 100
119297 119304 663 1990 100
119297 119291 663 1986 100
119279 119276 662 1985 100
119217 119206 660 1978 100
119217 119219 660 1980 100
119217 119194 660 1976 100
119217 119204 660 1977 100
119196 119194 659 1976 100
119196 119204 659 1977 100
119196 119219 659 1980 100
119196 119206 659 1978 100
119179 119168 658 1971 100
119179 119190 658 1975 100
119179 119172 658 1972 100
119161 119172 657 1972 100
119161 119190 657 1975 100
119161 119168 657 1971 100
119141 119144 656 1969 100
119141 119143 656 1968 100
119141 124369 656 2588 100
119141 119150 656 1970 100
119119 119118 655 1964 100
119119 124367 655 2587 100
119119 119131 655 1965 100
119119 119112 655 1963 100
119119 119103 655 1961 100
119119 119111 655 1962 100
119082 119094 652 1959 100
119082 119078 652 1955 100
119082 119095 652 1960 100
119082 119085 652 1956 100
119082 119075 652 1954 100
119082 119088 652 1957 100
119082 119092 652 1958 100
119063 119062 651 1952 100
119063 119060 651 1951 100
119063 119067 651 1953 100
119032 119041 647 1944 100
119032 119036 647 1942 100
119032 119020 647 1938 100
119032 119057 647 1949 100
119032 119059 647 1950 100
119032 119046 647 1946 100
119032 119024 647 1939 100
119032 119027 647 1940 100
119032 119035 647 1941 100
118969 119009 644 1936 100
118969 118968 644 1931 100
118969 119010 644 1937 100
118969 118964 644 1930 100
118969 118988 644 1932 100
118969 118994 644 1934 100
118969 119008 644 1935 100
118955 118954 643 1928 100
118955 118959 643 1929 100
118955 118953 643 1927 100
118955 118951 643 1926 100
118955 118947 643 1924 100
118955 118948 643 1925 100
118949 118948 642 1925 100
118949 118951 642 1926 100
118949 118947 642 1924 100
118949 118953 642 1927 100
118949 118959 642 1929 100
118949 118954 642 1928 100
118936 118931 641 1921 100
118936 118937 641 1923 100
118936 118927 641 1918 100
118936 118930 641 1920 100
118894 118892 637 1910 100
118894 118895 637 1911 100
118894 118897 637 1912 100
118894 124352 637 2586 100
118894 118898 637 1913 100
118887 118890 636 1909 100
118881 118866 635 1899 100
118881 118880 635 1904 100
118881 118862 635 1898 100
118881 118882 635 1905 100
118881 118879 635 1903 100
118881 118877 635 1902 100
118881 118872 635 1901 100
118875 118880 634 1904 100
118875 118872 634 1901 100
118875 118882 634 1905 100
118875 118862 634 1898 100
118875 118877 634 1902 100
118875 118866 634 1899 100
118875 118879 634 1903 100
118857 118856 632 1895 100
118857 118859 632 1896 100
118857 118860 632 1897 100
118857 118853 632 1894 100
176224 176191 1341 4017 100
176224 176200 1341 4018 100
176224 176226 1341 4024 100
176224 176230 1341 4025 100
176224 176213 1341 4021 100
176224 176225 1341 4023 100
176224 176211 1341 4020 100
176224 176204 1341 4019 100
118843 118845 631 1893 100
118843 118840 631 1891 100
118843 118833 631 1887 100
118843 124344 631 2584 100
118843 118838 631 1890 100
118843 118836 631 1889 100
118843 118835 631 1888 100
176209 176225 1340 4023 100
176209 176213 1340 4021 100
176209 176226 1340 4024 100
176209 176191 1340 4017 100
176209 176230 1340 4025 100
176209 176200 1340 4018 100
176209 176204 1340 4019 100
176209 176211 1340 4020 100
118837 118845 630 1893 100
118837 118838 630 1890 100
118837 118836 630 1889 100
118837 118835 630 1888 100
118837 118840 630 1891 100
118837 124344 630 2584 100
118837 118833 630 1887 100
176187 176225 1339 4023 100
176187 176213 1339 4021 100
176187 176226 1339 4024 100
176187 176191 1339 4017 100
176187 176230 1339 4025 100
176187 176200 1339 4018 100
176187 176204 1339 4019 100
176187 176211 1339 4020 100
118831 118845 629 1893 100
118831 118840 629 1891 100
118831 118835 629 1888 100
118831 124344 629 2584 100
118831 118833 629 1887 100
118831 118836 629 1889 100
118831 118838 629 1890 100
176166 176163 1338 4011 100
176166 176164 1338 4012 100
176166 176165 1338 4013 100
176166 176102 1338 4006 100
176166 175741 1338 3999 100
176166 176174 1338 4016 100
176166 175743 1338 4000 100
176166 175749 1338 4003 100
176166 176101 1338 4005 100
118815 118821 628 1885 100
118815 118813 628 1883 100
118815 118822 628 1886 100
118815 118816 628 1884 100
118815 118812 628 1882 100
118815 118810 628 1881 100
118815 118807 628 1880 100
176161 175749 1337 4003 100
176161 176101 1337 4005 100
176161 176102 1337 4006 100
176161 176164 1337 4012 100
176161 176165 1337 4013 100
176161 175741 1337 3999 100
176161 176174 1337 4016 100
176161 175743 1337 4000 100
176161 176163 1337 4011 100
118309 118299 618 1849 100
118309 118301 618 1850 100
118309 118306 618 1851 100
118309 118307 618 1852 100
118309 118312 618 1854 100
118309 118308 618 1853 100
118309 118298 618 1848 100
118309 118294 618 1847 100
118309 118314 618 1856 100
118309 118316 618 1857 100
118309 118313 618 1855 100
118309 118289 618 1844 100
118309 118292 618 1845 100
118309 118293 618 1846 100
118302 118293 617 1846 100
118302 118294 617 1847 100
118302 118298 617 1848 100
118302 118299 617 1849 100
118302 118306 617 1851 100
118302 118301 617 1850 100
118302 118292 617 1845 100
118302 118289 617 1844 100
118302 118314 617 1856 100
118302 118316 617 1857 100
118302 118313 617 1855 100
118302 118312 617 1854 100
118302 118308 617 1853 100
118302 118307 617 1852 100
175249 175343 1326 3982 100
175249 175339 1326 3981 100
175249 175347 1326 3983 100
175249 175238 1326 3976 100
175249 175361 1326 3986 100
175249 175330 1326 3979 100
175249 175252 1326 3978 100
175249 175199 1326 3973 100
118290 118299 615 1849 100
118290 118298 615 1848 100
118290 118294 615 1847 100
118290 118293 615 1846 100
118290 118292 615 1845 100
118290 118289 615 1844 100
118290 118301 615 1850 100
118290 118306 615 1851 100
118290 118314 615 1856 100
118290 118316 615 1857 100
118290 118313 615 1855 100
118290 118312 615 1854 100
118290 118308 615 1853 100
118290 118307 615 1852 100
118240 118217 611 1827 100
118240 118221 611 1828 100
118240 118222 611 1829 100
118240 118211 611 1825 100
118240 118238 611 1832 100
118240 118210 611 1824 100
118240 118235 611 1831 100
118240 118214 611 1826 100
118240 118233 611 1830 100
118229 118211 610 1825 100
118229 118214 610 1826 100
118229 118217 610 1827 100
118229 118235 610 1831 100
118229 118210 610 1824 100
118229 118238 610 1832 100
118229 118222 610 1829 100
118229 118233 610 1830 100
118229 118221 610 1828 100
118216 118222 609 1829 100
118216 118221 609 1828 100
118216 118210 609 1824 100
118216 118235 609 1831 100
118216 118238 609 1832 100
118216 118211 609 1825 100
118216 118233 609 1830 100
118216 118214 609 1826 100
118216 118217 609 1827 100
118209 118222 608 1829 100
118209 118221 608 1828 100
118209 118217 608 1827 100
118209 118235 608 1831 100
118209 118210 608 1824 100
118209 118238 608 1832 100
118209 118211 608 1825 100
118209 118233 608 1830 100
118209 118214 608 1826 100
129522 129526 942 2826 100
118166 118165 605 1814 100
118166 118170 605 1815 100
118166 118163 605 1813 100
118166 118177 605 1818 100
118166 118174 605 1817 100
118133 118138 601 1804 100
118133 118132 601 1802 100
118133 118140 601 1805 100
118133 118134 601 1803 100
118133 118131 601 1801 100
118133 118129 601 1800 100
118133 118125 601 1799 100
118120 118116 599 1795 100
118120 118121 599 1797 100
118120 118112 599 1794 100
118120 118108 599 1793 100
118120 118105 599 1791 100
118120 118106 599 1792 100
118079 118091 595 1787 100
118079 118083 595 1785 100
118079 118095 595 1788 100
118079 118098 595 1790 100
118079 118097 595 1789 100
129150 129144 929 2785 100
118042 118032 592 1771 100
118042 118033 592 1772 100
118042 118046 592 1777 100
118042 118047 592 1778 100
118042 118041 592 1775 100
118042 118045 592 1776 100
118042 118040 592 1774 100
118042 118037 592 1773 100
129083 129111 927 2782 100
129083 129127 927 2783 100
129083 129073 927 2780 100
117995 117993 590 1769 100
117995 117996 590 1770 100
117995 117990 590 1767 100
117995 117992 590 1768 100
117970 117978 587 1764 100
117970 117973 587 1762 100
117970 117980 587 1766 100
117970 117979 587 1765 100
117957 117935 586 1753 100
117957 117937 586 1754 100
117957 117960 586 1759 100
117957 117961 586 1760 100
117957 117956 586 1757 100
117957 117959 586 1758 100
117957 117955 586 1756 100
117957 117951 586 1755 100
117949 117959 585 1758 100
117949 117956 585 1757 100
117949 117960 585 1759 100
117949 117961 585 1760 100
117949 117935 585 1753 100
117949 117937 585 1754 100
117949 117951 585 1755 100
117949 117955 585 1756 100
128866 128863 921 2762 100
117919 117918 584 1751 100
117919 117917 584 1750 100
117919 117924 584 1752 100
117914 117903 583 1743 100
117914 117911 583 1747 100
117914 117895 583 1740 100
117914 117890 583 1739 100
117914 117915 583 1749 100
117914 117907 583 1745 100
117914 117904 583 1744 100
117909 117890 582 1739 100
117909 117904 582 1744 100
117909 117915 582 1749 100
117909 117907 582 1745 100
117909 117903 582 1743 100
117909 117895 582 1740 100
117909 117911 582 1747 100
117894 117907 580 1745 100
117894 117890 580 1739 100
117894 117915 580 1749 100
117894 117895 580 1740 100
117894 117911 580 1747 100
117894 117903 580 1743 100
117894 117904 580 1744 100
128676 128680 916 2748 100
117885 117884 579 1736 100
117885 117886 579 1737 100
117885 117883 579 1735 100
117885 117881 579 1734 100
117885 117887 579 1738 100
117885 117878 579 1733 100
117879 117878 578 1733 100
117879 117881 578 1734 100
117879 117883 578 1735 100
117879 117884 578 1736 100
117879 117887 578 1738 100
117879 117886 578 1737 100
117820 117818 575 1723 100
117820 117816 575 1722 100
117820 117819 575 1724 100
117769 117776 572 1717 100
117769 117768 572 1715 100
117769 117783 572 1718 100
117769 117775 572 1716 100
117769 117766 572 1714 100
117769 117764 572 1713 100
117769 117760 572 1712 100
117761 117776 571 1717 100
117761 117760 571 1712 100
117761 117783 571 1718 100
117761 117764 571 1713 100
117761 117766 571 1714 100
117761 117768 571 1715 100
117761 117775 571 1716 100
117741 117746 568 1707 100
117741 117744 568 1706 100
117741 117743 568 1705 100
117741 117754 568 1710 100
117741 117740 568 1703 100
117741 117757 568 1711 100
117741 117742 568 1704 100
117741 117749 568 1708 100
117741 117737 568 1701 100
117721 117716 567 1698 100
117721 117717 567 1699 100
117721 117712 567 1697 100
117721 117709 567 1695 100
117721 117710 567 1696 100
117715 117712 566 1697 100
117715 117716 566 1698 100
117715 117710 566 1696 100
117715 117717 566 1699 100
117715 117709 566 1695 100
128102 128092 902 2705 100
117708 117710 565 1696 100
117708 117709 565 1695 100
117708 117712 565 1697 100
117708 117717 565 1699 100
117708 117716 565 1698 100
114821 114820 452 1355 100
114821 114825 452 1357 100
114821 114823 452 1356 100
108258 108247 285 854 100
114814 114811 451 1352 100
108216 108208 284 850 100
108216 108207 284 849 100
108216 108214 284 851 100
114794 114793 450 1349 100
138881 138889 1159 3478 100
114695 114693 444 1331 100
114695 114691 444 1330 100
114695 114697 444 1332 100
114514 114512 432 1295 100
114514 114511 432 1294 100
114458 114460 429 1287 100
114458 114457 429 1286 100
138177 138175 1138 3413 100
138177 138181 1138 3414 100
138177 138173 1138 3412 100
138177 138172 1138 3411 100
138177 138184 1138 3416 100
138177 138182 1138 3415 100
439124 443924 1847 5568 100
112934 112940 400 1201 100
136861 136862 1109 3327 100
136861 136859 1109 3326 100
108943 108934 302 905 100
130559 130560 976 2928 100
118922 118914 639 1914 100
115177 115176 469 1406 100
115177 115178 469 1407 100
115177 115180 469 1409 100
115177 115179 469 1408 100
119017 119041 646 1944 100
119017 119036 646 1942 100
119017 119035 646 1941 100
119017 119057 646 1949 100
119017 119059 646 1950 100
119017 119046 646 1946 100
119017 119024 646 1939 100
119017 119020 646 1938 100
119017 119027 646 1940 100
117745 117737 569 1701 100
117745 117740 569 1703 100
117745 117742 569 1704 100
117745 117754 569 1710 100
117745 117757 569 1711 100
117745 117749 569 1708 100
117745 117744 569 1706 100
117745 117746 569 1707 100
117745 117743 569 1705 100
105178 105180 232 696 100
109531 109528 311 932 100
109531 109533 311 933 100
109531 109545 311 935 100
109531 109542 311 934 100
119105 119103 654 1961 100
119105 119111 654 1962 100
119105 119112 654 1963 100
119105 119131 654 1965 100
119105 119118 654 1964 100
119105 124367 654 2587 100
115666 115667 484 1452 100
115666 115669 484 1453 100
114995 114992 465 1393 100
114995 114991 465 1392 100
114995 114994 465 1394 100
138186 138182 1139 3415 100
138186 138184 1139 3416 100
138186 138181 1139 3414 100
138186 138175 1139 3413 100
138186 138172 1139 3411 100
138186 138173 1139 3412 100
122833 122834 808 2424 100
122833 122837 808 2425 100
115206 115219 471 1417 100
115206 115218 471 1416 100
115206 115213 471 1415 100
115206 115233 471 1421 100
115206 115211 471 1414 100
115206 115257 471 1425 100
115206 115221 471 1418 100
115206 115205 471 1412 100
115206 115208 471 1413 100
138429 138424 1145 3434 100
122917 122920 811 2433 100
115235 115213 474 1415 100
115235 115218 474 1416 100
115235 115219 474 1417 100
115235 115205 474 1412 100
115235 115257 474 1425 100
115235 115221 474 1418 100
115235 115208 474 1413 100
115235 115233 474 1421 100
115235 115211 474 1414 100
139333 139368 1183 3552 100
116249 116235 509 1522 100
116249 116236 509 1523 100
116249 116242 509 1524 100
116249 116246 509 1525 100
116249 116257 509 1528 100
116249 116232 509 1521 100
116249 116261 509 1529 100
116249 116227 509 1520 100
116249 116256 509 1527 100
116249 116247 509 1526 100
115733 115731 486 1457 100
115887 115919 489 1477 100
115887 115917 489 1476 100
115887 115909 489 1475 100
115887 115908 489 1474 100
115887 115875 489 1463 100
115887 115926 489 1480 100
115887 115874 489 1462 100
115887 115924 489 1479 100
115887 115921 489 1478 100
115887 115927 489 1481 100
115887 115883 489 1464 100
115887 115884 489 1465 100
115887 115889 489 1467 100
115887 115885 489 1466 100
115887 115891 489 1468 100
115887 115896 489 1469 100
115887 115900 489 1470 100
115887 115901 489 1471 100
115887 115903 489 1472 100
115887 115905 489 1473 100
115897 115919 490 1477 100
115897 115917 490 1476 100
115897 115909 490 1475 100
115897 115908 490 1474 100
115897 115921 490 1478 100
115897 115884 490 1465 100
115897 115924 490 1479 100
115897 115874 490 1462 100
115897 115927 490 1481 100
115897 115883 490 1464 100
115897 115885 490 1466 100
115897 115926 490 1480 100
115897 115875 490 1463 100
115897 115889 490 1467 100
115897 115891 490 1468 100
115897 115900 490 1470 100
115897 115896 490 1469 100
115897 115901 490 1471 100
115897 115903 490 1472 100
115897 115905 490 1473 100
123353 123352 827 2480 100
115915 115919 492 1477 100
115915 115874 492 1462 100
115915 115875 492 1463 100
115915 115883 492 1464 100
115915 115901 492 1471 100
115915 115921 492 1478 100
115915 115903 492 1472 100
115915 115924 492 1479 100
115915 115927 492 1481 100
115915 115926 492 1480 100
115915 115905 492 1473 100
115915 115908 492 1474 100
115915 115917 492 1476 100
115915 115909 492 1475 100
115915 115900 492 1470 100
115915 115896 492 1469 100
115915 115891 492 1468 100
115915 115889 492 1467 100
115915 115885 492 1466 100
115915 115884 492 1465 100
115922 115883 493 1464 100
115922 115884 493 1465 100
115922 115885 493 1466 100
115922 115889 493 1467 100
115922 115909 493 1475 100
115922 115875 493 1463 100
115922 115926 493 1480 100
115922 115874 493 1462 100
115922 115924 493 1479 100
115922 115908 493 1474 100
115922 115927 493 1481 100
115922 115917 493 1476 100
115922 115919 493 1477 100
115922 115921 493 1478 100
115922 115905 493 1473 100
115922 115903 493 1472 100
115922 115901 493 1471 100
115922 115900 493 1470 100
115922 115896 493 1469 100
115922 115891 493 1468 100
260253 260246 1504 4510 100
260253 260252 1504 4511 100
260253 137398 1504 3351 100
260253 137404 1504 3352 100
115993 115991 496 1487 100
115993 115994 496 1488 100
115993 115983 496 1486 100
115993 115974 496 1485 100
115993 115998 496 1490 100
115993 115995 496 1489 100
123609 123613 833 2499 100
123609 123615 833 2500 100
123545 123551 831 2493 100
115958 115963 494 1483 100
115958 115967 494 1484 100
115958 115961 494 1482 100
116008 115995 497 1489 100
116008 115998 497 1490 100
116008 115994 497 1488 100
116008 115991 497 1487 100
116008 115974 497 1485 100
116008 115983 497 1486 100
139200 139199 1175 3524 100
139200 139202 1175 3525 100
139200 139207 1175 3526 100
139200 139210 1175 3527 100
139200 139216 1175 3529 100
139200 139215 1175 3528 100
116173 116182 503 1512 100
116173 116196 503 1516 100
116173 116178 503 1511 100
116179 116175 504 1509 100
116179 116177 504 1510 100
116179 116185 504 1513 100
116179 154121 504 3823 100
116179 116191 504 1515 100
116179 116188 504 1514 100
123788 123789 841 2523 100
116189 116178 505 1511 100
116189 116196 505 1516 100
116189 116182 505 1512 100
116200 116198 506 1517 100
116200 116218 506 1519 100
116200 116209 506 1518 100
116262 116242 510 1524 100
116262 116246 510 1525 100
116262 116247 510 1526 100
116262 116256 510 1527 100
116262 116232 510 1521 100
116262 116257 510 1528 100
116262 116227 510 1520 100
116262 116235 510 1522 100
116262 116261 510 1529 100
116262 116236 510 1523 100
139352 139347 1184 3551 100
139352 139332 1184 3548 100
139352 139334 1184 3549 100
116468 116492 514 1544 100
116468 116495 514 1545 100
116468 116488 514 1543 100
109281 109284 309 928 100
132979 132978 1018 3053 100
132979 132980 1018 3054 100
132979 132973 1018 3051 100
132979 132975 1018 3052 100
116579 116583 517 1551 100
116579 116575 517 1550 100
116996 116995 524 1571 100
116996 117003 524 1572 100
116996 117023 524 1574 100
116996 117014 524 1573 100
109802 109795 317 949 100
133518 133545 1026 3082 100
133518 133515 1026 3077 100
133518 133547 1026 3083 100
133518 133519 1026 3078 100
133518 133521 1026 3079 100
133518 133533 1026 3080 100
133518 133543 1026 3081 100
111626 111622 352 1054 100
111626 111621 352 1053 100
111626 111623 352 1055 100
119555 119533 689 2062 100
117024 117014 525 1573 100
117024 117023 525 1574 100
117024 116995 525 1571 100
117024 117003 525 1572 100
124350 118898 862 1913 100
124350 124352 862 2586 100
124350 118897 862 1912 100
124350 118892 862 1910 100
124350 118895 862 1911 100
117241 117247 532 1596 100
117241 117255 532 1597 100
117411 117409 539 1615 100
117411 117421 539 1622 100
117411 117410 539 1616 100
117411 117419 539 1621 100
117411 117406 539 1614 100
117417 117409 540 1615 100
117417 117421 540 1622 100
117417 117410 540 1616 100
117417 117419 540 1621 100
117417 117406 540 1614 100
126009 126020 877 2635 100
126009 126018 877 2634 100
126009 126026 877 2636 100
126009 126005 877 2629 100
126009 126030 877 2637 100
126009 126008 877 2630 100
126009 126011 877 2632 100
126009 126013 877 2633 100
117422 117419 541 1621 100
117422 117406 541 1614 100
117422 117410 541 1616 100
117422 117421 541 1622 100
117422 117409 541 1615 100
126014 126020 878 2635 100
126014 126005 878 2629 100
126014 126026 878 2636 100
126014 126030 878 2637 100
126014 126008 878 2630 100
126014 126013 878 2633 100
126014 126018 878 2634 100
126014 126011 878 2632 100
116151 116150 501 1502 100
116151 116152 501 1503 100
116151 116163 501 1507 100
116151 116160 501 1506 100
139792 139795 1210 3631 100
117373 117381 536 1610 100
117373 117377 536 1609 100
117373 117383 536 1611 100
117373 117384 536 1612 100
117373 117368 536 1605 100
117373 117372 536 1607 100
117373 117376 536 1608 100
117373 117371 536 1606 100
117435 117440 542 1628 100
117435 117434 542 1625 100
117435 117443 542 1629 100
117435 117436 542 1626 100
117435 117429 542 1624 100
117435 117426 542 1623 100
117435 117437 542 1627 100
126027 126011 879 2632 100
126027 126013 879 2633 100
126027 126008 879 2630 100
126027 126030 879 2637 100
126027 126005 879 2629 100
126027 126026 879 2636 100
126027 126020 879 2635 100
126027 126018 879 2634 100
117442 117429 543 1624 100
117442 117440 543 1628 100
117442 117426 543 1623 100
117442 117443 543 1629 100
117442 117437 543 1627 100
117442 117436 543 1626 100
117442 117434 543 1625 100
117477 117465 544 1631 100
117477 117447 544 1630 100
117477 117479 544 1632 100
150562 150564 1253 3760 100
150562 150565 1253 3761 100
150562 150563 1253 3759 100
117485 117498 545 1639 100
117485 117484 545 1634 100
117485 117499 545 1640 100
117485 117488 545 1635 100
117485 117489 545 1636 100
117485 117492 545 1637 100
117485 117496 545 1638 100
150568 150570 1254 3762 100
117558 117564 550 1653 100
117558 117556 550 1649 100
117558 117565 550 1654 100
117558 117552 550 1647 100
117558 117559 550 1650 100
117558 117553 550 1648 100
117558 117561 550 1652 100
150671 150658 1259 3772 100
150671 150660 1259 3773 100
150671 150653 1259 3771 100
150671 150678 1259 3778 100
150671 150670 1259 3776 100
150671 150676 1259 3777 100
150671 150669 1259 3775 100
150671 150665 1259 3774 100
117562 117552 551 1647 100
117562 117561 551 1652 100
117562 117565 551 1654 100
117562 117564 551 1653 100
117562 117559 551 1650 100
117562 117556 551 1649 100
117562 117553 551 1648 100
116342 116361 511 1533 100
139959 139946 1220 3659 100
139959 139945 1220 3658 100
117493 117498 546 1639 100
117493 117492 546 1637 100
117493 117499 546 1640 100
117493 117496 546 1638 100
117493 117489 546 1636 100
117493 117488 546 1635 100
117493 117484 546 1634 100
117569 117591 552 1664 100
117569 117573 552 1658 100
117569 117593 552 1665 100
117569 117571 552 1656 100
117569 117588 552 1663 100
117569 117580 552 1660 100
117569 117584 552 1662 100
297608 297606 1563 4688 100
297608 297609 1563 4689 100
297608 297618 1563 4691 100
297608 297614 1563 4690 100
117622 117633 556 1671 100
117622 117631 556 1670 100
117622 117626 556 1669 100
117622 117616 556 1666 100
117622 117624 556 1668 100
117622 117621 556 1667 100
117622 117649 556 1679 100
117622 117635 556 1672 100
117622 117653 556 1680 100
117622 117648 556 1678 100
117622 117645 556 1677 100
117622 117641 556 1675 100
117632 117616 557 1666 100
117632 117621 557 1667 100
117632 117624 557 1668 100
117632 117626 557 1669 100
117632 117633 557 1671 100
117632 117631 557 1670 100
117632 117649 557 1679 100
117632 117635 557 1672 100
117632 117653 557 1680 100
117632 117648 557 1678 100
117632 117645 557 1677 100
117632 117641 557 1675 100
127676 127683 894 2682 100
117301 117302 534 1602 100
133847 133850 1035 3107 100
133847 133849 1035 3106 100
133847 133844 1035 3102 100
133847 133845 1035 3103 100
133847 133848 1035 3105 100
133847 133846 1035 3104 100
133847 133883 1035 3113 100
133847 133887 1035 3114 100
133847 133875 1035 3112 100
133847 133871 1035 3111 100
133847 133868 1035 3110 100
133847 133867 1035 3109 100
137140 137138 1115 3344 100
137140 137134 1115 3343 100
133853 133844 1036 3102 100
133853 133845 1036 3103 100
133853 133846 1036 3104 100
133853 133848 1036 3105 100
133853 133850 1036 3107 100
133853 133849 1036 3106 100
133853 133883 1036 3113 100
133853 133887 1036 3114 100
133853 133875 1036 3112 100
133853 133871 1036 3111 100
133853 133868 1036 3110 100
133853 133867 1036 3109 100
111888 111876 362 1081 100
111888 111880 362 1083 100
111888 111886 362 1084 100
111888 111889 362 1086 100
111888 111874 362 1080 100
111888 111887 362 1085 100
117681 117696 562 1692 100
117681 117683 562 1687 100
117681 117697 562 1693 100
117681 117682 562 1686 100
117681 117685 562 1688 100
117681 117689 562 1689 100
117681 117694 562 1691 100
137395 137404 1117 3352 100
137395 137398 1117 3351 100
137395 260252 1117 4511 100
137395 260246 1117 4510 100
114687 114690 443 1329 100
122050 122052 780 2340 100
122050 122062 780 2342 100
139582 139567 1196 3584 100
116914 116915 522 1566 100
116914 116912 522 1565 100
133884 133867 1038 3109 100
133884 133868 1038 3110 100
133884 133871 1038 3111 100
133884 133875 1038 3112 100
133884 133887 1038 3114 100
133884 133883 1038 3113 100
133884 133845 1038 3103 100
133884 133844 1038 3102 100
133884 133846 1038 3104 100
133884 133848 1038 3105 100
133884 133849 1038 3106 100
133884 133850 1038 3107 100
114896 114897 458 1374 100
114896 114894 458 1373 100
138042 138047 1132 3397 100
138042 138050 1132 3398 100
130008 130007 959 2876 100
130008 130009 959 2877 100
130008 130005 959 2875 100
130008 130017 959 2881 100
130008 130011 959 2879 100
137650 137647 1124 3371 100
137650 137651 1124 3372 100
137650 137645 1124 3369 100
137650 137646 1124 3370 100
114914 114927 459 1379 100
114914 114931 459 1380 100
114914 114916 459 1377 100
137925 137929 1127 3381 100
114829 114827 453 1358 100
114829 114831 453 1359 100
114829 114833 453 1361 100
114829 114832 453 1360 100
134205 134195 1048 3139 100
134205 134196 1048 3140 100
134205 134200 1048 3141 100
134205 134210 1048 3146 100
134205 134218 1048 3149 100
134205 134202 1048 3142 100
134205 134208 1048 3145 100
134205 134204 1048 3143 100
134205 134207 1048 3144 100
114945 114946 461 1383 100
114945 114947 461 1384 100
122586 122587 798 2394 100
122586 124739 798 2605 100
137950 137941 1129 3385 100
137950 137948 1129 3386 100
137950 137940 1129 3384 100
137950 137936 1129 3382 100
137950 137938 1129 3383 100
114846 114844 455 1364 100
601512 601511 2210 6629 100
122413 122417 792 2376 100
138015 138011 1131 3392 100
138015 138025 1131 3393 100
138015 138033 1131 3395 100
138015 138010 1131 3391 100
114880 114883 457 1371 100
114987 114992 464 1393 100
114987 114994 464 1394 100
114987 114991 464 1392 100
115222 115208 473 1413 100
115222 115211 473 1414 100
115222 115213 473 1415 100
115222 115233 473 1421 100
115222 115257 473 1425 100
115222 115221 473 1418 100
115222 115205 473 1412 100
115222 115219 473 1417 100
115222 115218 473 1416 100
130530 130525 974 2921 100
130530 130531 974 2922 100
130530 130532 974 2923 100
130530 130521 974 2920 100
138132 138130 1136 3407 100
138132 138159 1136 3410 100
138132 138148 1136 3408 100
139898 139900 1216 3648 100
116229 116246 507 1525 100
116229 116242 507 1524 100
116229 116236 507 1523 100
116229 116235 507 1522 100
116229 116257 507 1528 100
116229 116232 507 1521 100
116229 116261 507 1529 100
116229 116256 507 1527 100
116229 116227 507 1520 100
116229 116247 507 1526 100
175737 176101 1333 4005 100
175737 175749 1333 4003 100
175737 176164 1333 4012 100
175737 176165 1333 4013 100
175737 176102 1333 4006 100
175737 176163 1333 4011 100
175737 175743 1333 4000 100
175737 175741 1333 3999 100
175737 176174 1333 4016 100
116159 116152 502 1503 100
116159 116160 502 1506 100
116159 116163 502 1507 100
116159 116150 502 1502 100
139214 139210 1176 3527 100
139214 139215 1176 3528 100
139214 139207 1176 3526 100
139214 139202 1176 3525 100
139214 139216 1176 3529 100
139214 139199 1176 3524 100
175747 175745 1334 4001 100
175747 176112 1334 4007 100
175747 176169 1334 4014 100
175747 175748 1334 4002 100
175747 176137 1334 4009 100
116237 116246 508 1525 100
116237 116227 508 1520 100
116237 116232 508 1521 100
116237 116235 508 1522 100
116237 116257 508 1528 100
116237 116261 508 1529 100
116237 116256 508 1527 100
116237 116247 508 1526 100
116237 116236 508 1523 100
116237 116242 508 1524 100
136576 136572 1097 3290 100
136576 136570 1097 3289 100
137450 137451 1119 3357 100
137450 137469 1119 3359 100
114722 114728 445 1336 100
114722 114729 445 1337 100
114722 114727 445 1335 100
176098 175741 1335 3999 100
176098 176174 1335 4016 100
176098 175743 1335 4000 100
176098 176164 1335 4012 100
176098 176101 1335 4005 100
176098 176165 1335 4013 100
176098 176102 1335 4006 100
176098 176163 1335 4011 100
176098 175749 1335 4003 100
119229 119227 661 1982 100
119229 119236 661 1983 100
119229 119239 661 1984 100
119229 119226 661 1981 100
150629 120550 1256 2193 100
150629 120541 1256 2188 100
136602 136598 1098 3293 100
137484 137481 1121 3361 100
137484 137485 1121 3363 100
137484 137487 1121 3364 100
137484 137480 1121 3360 100
114756 114760 447 1341 100
114756 114761 447 1342 100
328319 328323 1622 4866 100
117644 117626 559 1669 100
117644 117633 559 1671 100
117644 117635 559 1672 100
117644 117631 559 1670 100
117644 117645 559 1677 100
117644 117641 559 1675 100
117644 117649 559 1679 100
117644 117653 559 1680 100
117644 117616 559 1666 100
117644 117648 559 1678 100
117644 117621 559 1667 100
117644 117624 559 1668 100
140138 140137 1227 3680 100
140138 140146 1227 3682 100
140138 140142 1227 3681 100
117577 117591 553 1664 100
117577 117571 553 1656 100
117577 117588 553 1663 100
117577 117593 553 1665 100
117577 117573 553 1658 100
117577 117580 553 1660 100
117577 117584 553 1662 100
137643 137646 1123 3370 100
137643 137645 1123 3369 100
137643 137651 1123 3372 100
137643 137647 1123 3371 100
114786 114783 449 1345 100
114786 114781 449 1344 100
114786 114785 449 1346 100
139987 139970 1222 3662 100
134211 134200 1049 3141 100
134211 134202 1049 3142 100
134211 134204 1049 3143 100
134211 134195 1049 3139 100
134211 134210 1049 3146 100
134211 134218 1049 3149 100
134211 134196 1049 3140 100
134211 134208 1049 3145 100
134211 134207 1049 3144 100
137493 137491 1122 3365 100
115968 115963 495 1483 100
115968 115961 495 1482 100
115968 115967 495 1484 100
175388 175386 1330 3989 100
175388 175376 1330 3988 100
129757 129759 951 2853 100
129757 129767 951 2855 100
137408 137398 1118 3351 100
137408 137404 1118 3352 100
137408 260252 1118 4511 100
137408 260246 1118 4510 100
117400 117397 538 1613 100
117400 117415 538 1619 100
133972 133961 1039 3116 100
133972 133983 1039 3118 100
138830 138820 1155 3462 100
135094 135093 1076 3227 100
135094 135092 1076 3226 100
117671 117674 561 1684 100
117671 117677 561 1685 100
117671 117667 561 1682 100
140175 140172 1229 3686 100
117592 117580 555 1660 100
117592 117591 555 1664 100
117592 117571 555 1656 100
117592 117588 555 1663 100
117592 117593 555 1665 100
117592 117573 555 1658 100
117592 117584 555 1662 100
131315 131319 992 2976 100
137350 137352 1116 3348 100
114674 114676 442 1326 100
114674 114677 442 1327 100
133869 133848 1037 3105 100
133869 133849 1037 3106 100
133869 133850 1037 3107 100
133869 133867 1037 3109 100
133869 133871 1037 3111 100
133869 133868 1037 3110 100
133869 133883 1037 3113 100
133869 133887 1037 3114 100
133869 133875 1037 3112 100
133869 133844 1037 3102 100
133869 133845 1037 3103 100
133869 133846 1037 3104 100
111900 111897 363 1088 100
111900 111894 363 1087 100
139975 139979 1221 3663 100
136774 136772 1105 3314 100
114505 114511 431 1294 100
114505 114512 431 1295 100
137110 137113 1114 3342 100
129671 129669 947 2840 100
129671 129668 947 2839 100
137089 137096 1113 3340 100
137089 137100 1113 3341 100
137089 137092 1113 3339 100
114636 114639 439 1318 100
114636 114641 439 1319 100
114636 114638 439 1317 100
133826 133799 1034 3095 100
133826 133804 1034 3096 100
133826 133809 1034 3098 100
133826 133812 1034 3099 100
133826 133777 1034 3092 100
133826 133770 1034 3091 100
133826 133791 1034 3093 100
133826 133821 1034 3100 100
133826 133798 1034 3094 100
133826 133825 1034 3101 100
111871 111887 360 1085 100
111871 111886 360 1084 100
111871 111880 360 1083 100
111871 111874 360 1080 100
111871 111889 360 1086 100
111871 111876 360 1081 100
119706 119717 697 2094 100
127957 127958 897 2691 100
127957 127959 897 2692 100
137078 137087 1112 3337 100
137078 137088 1112 3338 100
137078 137084 1112 3336 100
443909 443924 1856 5568 100
114621 114620 438 1313 100
114621 114625 438 1315 100
114621 114624 438 1314 100
136930 136928 1110 3329 100
136930 136926 1110 3328 100
136853 136852 1108 3323 100
136853 136854 1108 3324 100
136853 136851 1108 3322 100
136853 136856 1108 3325 100
136853 136850 1108 3321 100
114571 114569 434 1301 100
136732 136734 1103 3309 100
136732 136736 1103 3310 100
117535 117533 548 1643 100
117535 117540 548 1644 100
117535 117530 548 1642 100
117535 117543 548 1646 100
117535 117542 548 1645 100
150649 150648 1257 3770 100
150649 150647 1257 3769 100
136352 136358 1090 3271 100
136352 136361 1090 3272 100
136352 136354 1090 3270 100
135964 135965 1083 3249 100
135964 135967 1083 3250 100
134197 134207 1047 3144 100
134197 134204 1047 3143 100
134197 134202 1047 3142 100
134197 134210 1047 3146 100
134197 134195 1047 3139 100
134197 134218 1047 3149 100
134197 134208 1047 3145 100
134197 134196 1047 3140 100
134197 134200 1047 3141 100
117098 117096 531 1591 100
117098 117097 531 1592 100
117098 117092 531 1590 100
117098 117086 531 1589 100
117098 117083 531 1587 100
117098 117085 531 1588 100
133800 133770 1032 3091 100
133800 133777 1032 3092 100
133800 133791 1032 3093 100
133800 133798 1032 3094 100
133800 133821 1032 3100 100
133800 133825 1032 3101 100
133800 133812 1032 3099 100
133800 133809 1032 3098 100
133800 133799 1032 3095 100
133800 133804 1032 3096 100
117650 117641 560 1675 100
117650 117645 560 1677 100
117650 117648 560 1678 100
117650 117653 560 1680 100
117650 117635 560 1672 100
117650 117649 560 1679 100
117650 117621 560 1667 100
117650 117616 560 1666 100
117650 117624 560 1668 100
117650 117626 560 1669 100
117650 117631 560 1670 100
117650 117633 560 1671 100
152218 150660 1269 3773 100
152218 150665 1269 3774 100
152218 150658 1269 3772 100
152218 150653 1269 3771 100
152218 150678 1269 3778 100
152218 150676 1269 3777 100
152218 150670 1269 3776 100
152218 150669 1269 3775 100
133542 133545 1027 3082 100
133542 133533 1027 3080 100
133542 133547 1027 3083 100
133542 133543 1027 3081 100
133542 133521 1027 3079 100
133542 133519 1027 3078 100
133542 133515 1027 3077 100
136614 136612 1099 3296 100
136614 136616 1099 3297 100
136614 136626 1099 3298 100
136614 136605 1099 3294 100
132963 132975 1017 3052 100
132963 132973 1017 3051 100
132963 132980 1017 3054 100
132963 132978 1017 3053 100
709447 709432 2435 7304 100
131413 131399 995 2982 100
131413 131410 995 2984 100
131413 131390 995 2981 100
131413 131376 995 2980 100
131413 131355 995 2978 100
131413 131366 995 2979 100
115876 115919 488 1477 100
115876 115917 488 1476 100
115876 115909 488 1475 100
115876 115908 488 1474 100
115876 115921 488 1478 100
115876 115924 488 1479 100
115876 115874 488 1462 100
115876 115889 488 1467 100
115876 115927 488 1481 100
115876 115883 488 1464 100
115876 115885 488 1466 100
115876 115926 488 1480 100
115876 115875 488 1463 100
115876 115884 488 1465 100
115876 115891 488 1468 100
115876 115896 488 1469 100
115876 115900 488 1470 100
115876 115901 488 1471 100
115876 115903 488 1472 100
115876 115905 488 1473 100
737528 737583 2492 7476 100
737528 737633 2492 7477 100
115199 115179 470 1408 100
115199 115180 470 1409 100
115199 115176 470 1406 100
115199 115178 470 1407 100
122814 122813 807 2420 100
122814 122802 807 2419 100
131118 131108 989 2965 100
115714 115716 485 1455 100
130947 130943 986 2957 100
130947 130941 986 2956 100
117686 117696 563 1692 100
117686 117685 563 1688 100
117686 117697 563 1693 100
117686 117682 563 1686 100
117686 117689 563 1689 100
117686 117683 563 1687 100
117686 117694 563 1691 100
128074 128082 900 2702 100
128074 128079 900 2701 100
128074 128087 900 2704 100
128074 128086 900 2703 100
130367 130374 967 2901 100
130367 130380 967 2902 100
139223 139231 1177 3531 100
115169 115167 468 1403 100
108907 108892 301 901 100
108907 108888 301 900 100
108907 108905 301 902 100
118910 118914 638 1914 100
131843 131907 999 2998 100
108505 108504 290 869 100
118808 118821 627 1885 100
118808 118807 627 1880 100
118808 118822 627 1886 100
118808 118810 627 1881 100
118808 118812 627 1882 100
118808 118813 627 1883 100
118808 118816 627 1884 100
114868 114867 456 1367 100
114868 114864 456 1366 100
108475 108487 289 868 100
114836 114832 454 1360 100
114836 114833 454 1361 100
114836 114827 454 1358 100
114836 114831 454 1359 100
108368 108363 287 860 100
108368 108361 287 859 100
117279 117276 533 1598 100
117279 117281 533 1599 100
117279 117294 533 1601 100
117279 117293 533 1600 100
124801 122972 870 2442 100
124801 124803 870 2610 100
124801 124805 870 2611 100
124801 122958 870 2441 100
111968 111965 366 1096 100
111968 111966 366 1097 100
111968 111956 366 1094 100
111968 111963 366 1095 100
119875 119868 703 2108 100
119875 119847 703 2105 100
117090 117086 530 1589 100
117090 117092 530 1590 100
117090 117085 530 1588 100
117090 117083 530 1587 100
117090 117097 530 1592 100
117090 117096 530 1591 100
124603 124590 867 2600 100
117061 117060 528 1583 100
117061 117062 528 1584 100
117061 117059 528 1582 100
117061 117058 528 1581 100
117061 117064 528 1586 100
117061 117063 528 1585 100
111879 111887 361 1085 100
111879 111886 361 1084 100
111879 111874 361 1080 100
111879 111876 361 1081 100
111879 111889 361 1086 100
111879 111880 361 1083 100
134952 134951 1070 3209 100
115495 115494 483 1448 100
115495 115499 483 1450 100
115495 115498 483 1449 100
109788 123829 316 2529 100
109788 123830 316 2530 100
109788 109791 316 948 100
119093 119075 653 1954 100
119093 119092 653 1958 100
119093 119095 653 1960 100
119093 119094 653 1959 100
119093 119088 653 1957 100
119093 119085 653 1956 100
119093 119078 653 1955 100
131101 131156 988 2967 100
131101 131107 988 2964 100
131101 131165 988 2969 100
131101 131163 988 2968 100
107990 107988 279 836 100
175227 175343 1325 3982 100
175227 175339 1325 3981 100
175227 175347 1325 3983 100
175227 175238 1325 3976 100
175227 175361 1325 3986 100
175227 175330 1325 3979 100
175227 175199 1325 3973 100
175227 175252 1325 3978 100
118295 118299 616 1849 100
118295 118289 616 1844 100
118295 118292 616 1845 100
118295 118293 616 1846 100
118295 118298 616 1848 100
118295 118294 616 1847 100
118295 118301 616 1850 100
118295 118306 616 1851 100
118295 118314 616 1856 100
118295 118316 616 1857 100
118295 118313 616 1855 100
118295 118312 616 1854 100
118295 118308 616 1853 100
118295 118307 616 1852 100
115386 115385 479 1436 100
123023 123019 816 2447 100
109554 109542 312 934 100
109554 109545 312 935 100
109554 109528 312 932 100
109554 109533 312 933 100
133280 133289 1021 3063 100
133280 133222 1021 3061 100
107871 107862 275 824 100
107871 107872 275 825 100
107871 107874 275 826 100
107871 107878 275 828 100
107871 107875 275 827 100
118252 118250 612 1835 100
118252 118253 612 1836 100
118252 118241 612 1833 100
118252 118244 612 1834 100
134823 134828 1063 3189 100
111692 111681 354 1061 100
119577 119573 691 2071 100
119577 119575 691 2072 100
119577 119572 691 2070 100
119577 119565 691 2069 100
119577 124416 691 2593 100
119577 119564 691 2068 100
107090 107087 261 781 100
107090 107086 261 780 100
107090 107089 261 782 100
118109 118108 598 1793 100
118109 118112 598 1794 100
118109 118106 598 1792 100
118109 118105 598 1791 100
118109 118121 598 1797 100
118109 118116 598 1795 100
129373 129371 935 2804 100
129373 129374 935 2805 100
129373 129376 935 2806 100
129373 129365 935 2803 100
137939 137954 1128 3387 100
137939 137956 1128 3388 100
114220 114221 419 1257 100
114220 114216 419 1256 100
105612 105614 240 720 100
117860 117854 577 1729 100
117860 117861 577 1731 100
117860 117852 577 1728 100
117860 117830 577 1726 100
117860 117863 577 1732 100
117860 117828 577 1725 100
136849 136851 1107 3322 100
136849 136850 1107 3321 100
136849 136852 1107 3323 100
136849 136856 1107 3325 100
136849 136854 1107 3324 100
112898 112897 398 1193 100
112898 112900 398 1194 100
112898 112893 398 1191 100
112898 112894 398 1192 100
120632 120633 735 2205 100
130331 130332 966 2898 100
130331 130323 966 2896 100
107047 107052 257 772 100
118073 118071 594 1781 100
118073 118075 594 1782 100
118073 118057 594 1780 100
118073 118053 594 1779 100
118073 118077 594 1784 100
118073 118076 594 1783 100
129634 129633 945 2834 100
129634 129635 945 2835 100
129634 129636 945 2836 100
129634 129630 945 2833 100
105470 105469 236 707 100
117785 117764 573 1713 100
117785 117776 573 1717 100
117785 117760 573 1712 100
117785 117783 573 1718 100
117785 117775 573 1716 100
117785 117768 573 1715 100
117785 117766 573 1714 100
114604 114606 437 1311 100
129595 129593 944 2831 100
111423 111420 349 1045 100
111423 111421 349 1046 100
111423 111419 349 1044 100
111423 111413 349 1043 100
111423 111410 349 1041 100
111423 111411 349 1042 100
109608 109599 313 938 100
109608 109621 313 939 100
109608 109592 313 937 100
109608 109626 313 940 100
109608 109586 313 936 100
119058 119035 650 1941 100
119058 119041 650 1944 100
119058 119046 650 1946 100
119058 119024 650 1939 100
119058 119020 650 1938 100
119058 119027 650 1940 100
119058 119057 650 1949 100
119058 119036 650 1942 100
119058 119059 650 1950 100
107876 107875 276 827 100
107876 107878 276 828 100
107876 107874 276 826 100
107876 107862 276 824 100
107876 107872 276 825 100
118260 118256 613 1837 100
118260 118258 613 1838 100
118260 118266 613 1841 100
118260 118264 613 1840 100
111734 111736 355 1066 100
111734 111735 355 1065 100
111734 111740 355 1068 100
111734 111738 355 1067 100
105551 105546 239 715 100
105551 105544 239 714 100
105551 105548 239 716 100
117845 117831 576 1727 100
117845 117857 576 1730 100
117695 117682 564 1686 100
117695 117694 564 1691 100
117695 117697 564 1693 100
117695 117696 564 1692 100
117695 117689 564 1689 100
117695 117685 564 1688 100
117695 117683 564 1687 100
128083 128082 901 2702 100
128083 128086 901 2703 100
128083 128087 901 2704 100
128083 128079 901 2701 100
112891 112894 397 1192 100
112891 112893 397 1191 100
112891 112900 397 1194 100
112891 112897 397 1193 100
106997 106996 256 767 100
118052 118057 593 1780 100
118052 118053 593 1779 100
118052 118071 593 1781 100
118052 118075 593 1782 100
118052 118077 593 1784 100
118052 118076 593 1783 100
129180 129184 930 2791 100
104712 104717 221 663 100
104712 104720 221 664 100
109031 109070 303 910 100
118929 118927 640 1918 100
118929 118930 640 1920 100
118929 118937 640 1923 100
118929 118931 640 1921 100
150664 150670 1258 3776 100
150664 150669 1258 3775 100
150664 150676 1258 3777 100
150664 150678 1258 3778 100
150664 150653 1258 3771 100
150664 150660 1258 3773 100
150664 150665 1258 3774 100
150664 150658 1258 3772 100
117545 117564 549 1653 100
117545 117553 549 1648 100
117545 117565 549 1654 100
117545 117552 549 1647 100
117545 117556 549 1649 100
117545 117559 549 1650 100
117545 117561 549 1652 100
136364 136358 1091 3271 100
136364 136354 1091 3270 100
136364 136361 1091 3272 100
112446 112456 382 1147 100
130537 130538 975 2925 100
130537 130536 975 2924 100
107274 107271 266 796 100
107274 107278 266 799 100
107274 107275 266 798 100
118149 118154 603 1811 100
118149 118148 603 1808 100
118149 118158 603 1812 100
118149 118151 603 1809 100
118149 118147 603 1807 100
118149 118144 603 1806 100
118149 118152 603 1810 100
111341 111339 345 1034 100
119476 119477 682 2046 100
119476 119447 682 2033 100
108386 108375 288 862 100
130012 130009 960 2877 100
130012 130011 960 2879 100
130012 130007 960 2876 100
130012 130017 960 2881 100
130012 130005 960 2875 100
106722 106706 251 751 100
117977 117973 588 1762 100
117977 117978 588 1764 100
117977 117980 588 1766 100
117977 117979 588 1765 100
129010 129006 925 2773 100
129010 128996 925 2772 100
129010 129009 925 2774 100
139161 139156 1172 3515 100
139161 139152 1172 3513 100
114967 114962 463 1387 100
114967 114961 463 1386 100
114967 114964 463 1388 100
108674 108676 296 888 100
108674 108664 296 887 100
118863 118880 633 1904 100
118863 118862 633 1898 100
118863 118882 633 1905 100
118863 118866 633 1899 100
118863 118872 633 1901 100
118863 118877 633 1902 100
118863 118879 633 1903 100
107071 107080 259 779 100
118092 118091 596 1787 100
118092 118095 596 1788 100
118092 118083 596 1785 100
118092 118098 596 1790 100
118092 118097 596 1789 100
129333 129383 933 2807 100
107085 107087 260 781 100
107085 107089 260 782 100
107085 107086 260 780 100
118103 118106 597 1792 100
118103 118105 597 1791 100
118103 118108 597 1793 100
118103 118112 597 1794 100
118103 118121 597 1797 100
118103 118116 597 1795 100
129358 129357 934 2801 100
130504 130503 972 2915 100
130504 130505 972 2916 100
130504 130510 972 2918 100
130504 130502 972 2914 100
107143 107136 263 787 100
107143 107134 263 786 100
118128 118138 600 1804 100
118128 118125 600 1799 100
118128 118140 600 1805 100
118128 118129 600 1800 100
118128 118131 600 1801 100
118128 118132 600 1802 100
118128 118134 600 1803 100
130614 130616 978 2934 100
107441 107445 269 808 100
107441 107457 269 809 100
107441 107438 269 806 100
118175 118174 606 1817 100
118175 118177 606 1818 100
118175 118170 606 1815 100
118175 118163 606 1813 100
118175 118165 606 1814 100
116493 116492 515 1544 100
116493 116488 515 1543 100
116493 116495 515 1545 100
134674 134671 1057 3169 100
134674 134668 1057 3168 100
134674 134673 1057 3170 100
111418 111413 348 1043 100
111418 111419 348 1044 100
111418 111411 348 1042 100
111418 111410 348 1041 100
111418 111421 348 1046 100
111418 111420 348 1045 100
119510 119524 685 2058 100
119510 119507 685 2053 100
119510 119526 685 2060 100
119510 119514 685 2055 100
119510 119506 685 2052 100
119510 119525 685 2059 100
119510 119519 685 2056 100
115904 115919 491 1477 100
115904 115917 491 1476 100
115904 115909 491 1475 100
115904 115908 491 1474 100
115904 115896 491 1469 100
115904 115891 491 1468 100
115904 115921 491 1478 100
115904 115924 491 1479 100
115904 115874 491 1462 100
115904 115927 491 1481 100
115904 115883 491 1464 100
115904 115926 491 1480 100
115904 115875 491 1463 100
115904 115900 491 1470 100
115904 115901 491 1471 100
115904 115905 491 1473 100
115904 115903 491 1472 100
115904 115889 491 1467 100
115904 115885 491 1466 100
115904 115884 491 1465 100
110215 110216 324 972 100
110215 110210 324 971 100
133810 133791 1033 3093 100
133810 133798 1033 3094 100
133810 133799 1033 3095 100
133810 133804 1033 3096 100
133810 133821 1033 3100 100
133810 133825 1033 3101 100
133810 133770 1033 3091 100
133810 133809 1033 3098 100
133810 133777 1033 3092 100
133810 133812 1033 3099 100
111824 111823 359 1076 100
119687 119663 696 2082 100
119687 119673 696 2084 100
119687 119675 696 2085 100
119687 119681 696 2086 100
119687 119689 696 2088 100
119687 119686 696 2087 100
119687 119661 696 2081 100
119687 119638 696 2076 100
119687 119692 696 2089 100
119687 119641 696 2077 100
119687 119642 696 2078 100
119687 119651 696 2079 100
119687 119656 696 2080 100
116127 116143 499 1500 100
116127 116140 499 1499 100
116127 116146 499 1501 100
116127 116108 499 1494 100
116127 150507 499 3756 100
116127 116126 499 1496 100
116127 116130 499 1497 100
116127 116135 499 1498 100
110459 110485 332 999 100
110459 110486 332 1000 100
110459 110456 332 995 100
119347 119314 669 1992 100
119347 119315 669 1993 100
119347 119318 669 1994 100
119347 119323 669 1995 100
119347 119324 669 1996 100
119347 119310 669 1991 100
119347 119350 669 2008 100
119347 119337 669 2002 100
119347 119352 669 2009 100
119347 119357 669 2011 100
119347 119356 669 2010 100
119347 119338 669 2003 100
119347 119341 669 2004 100
119347 119343 669 2005 100
119347 119349 669 2007 100
119347 119346 669 2006 100
119347 119336 669 2001 100
119347 119330 669 2000 100
119347 119329 669 1999 100
119347 119328 669 1998 100
119347 119325 669 1997 100
105734 105737 244 732 100
105734 105730 244 731 100
117902 117907 581 1745 100
117902 117895 581 1740 100
117902 117911 581 1747 100
117902 117915 581 1749 100
117902 117903 581 1743 100
117902 117890 581 1739 100
117902 117904 581 1744 100
137477 137481 1120 3361 100
137477 137480 1120 3360 100
137477 137487 1120 3364 100
137477 137485 1120 3363 100
114001 113999 411 1232 100
121101 121079 748 2241 100
121101 121212 748 2252 100
139760 139746 1209 3625 100
139760 139740 1209 3622 100
116141 116108 500 1494 100
116141 116126 500 1496 100
116141 116146 500 1501 100
116141 150507 500 3756 100
116141 116140 500 1499 100
116141 116143 500 1500 100
116141 116135 500 1498 100
116141 116130 500 1497 100
110480 110456 333 995 100
110480 110486 333 1000 100
110480 110485 333 999 100
119355 119323 670 1995 100
119355 119324 670 1996 100
119355 119325 670 1997 100
119355 119328 670 1998 100
119355 119329 670 1999 100
119355 119318 670 1994 100
119355 119357 670 2011 100
119355 119315 670 1993 100
119355 119356 670 2010 100
119355 119314 670 1992 100
119355 119352 670 2009 100
119355 119343 670 2005 100
119355 119310 670 1991 100
119355 119350 670 2008 100
119355 119346 670 2006 100
119355 119349 670 2007 100
119355 119341 670 2004 100
119355 119338 670 2003 100
119355 119337 670 2002 100
119355 119336 670 2001 100
119355 119330 670 2000 100
111387 111398 346 1039 100
111387 111399 346 1040 100
111387 111392 346 1038 100
140156 140161 1228 3684 100
116708 116729 519 1560 100
116976 116970 523 1567 100
116976 116982 523 1570 100
116976 116973 523 1568 100
111739 111738 356 1067 100
111739 111740 356 1068 100
111739 111735 356 1065 100
111739 111736 356 1066 100
119644 119661 693 2081 100
119644 119656 693 2080 100
119644 119638 693 2076 100
119644 119641 693 2077 100
119644 119651 693 2079 100
119644 119642 693 2078 100
119644 119663 693 2082 100
119644 119689 693 2088 100
119644 119692 693 2089 100
119644 119686 693 2087 100
119644 119681 693 2086 100
119644 119675 693 2085 100
119644 119673 693 2084 100
114579 114580 435 1305 100
114579 114578 435 1304 100
117047 117043 526 1577 100
117047 117050 526 1578 100
117047 117042 526 1576 100
117047 117056 526 1580 100
117047 117054 526 1579 100
124370 119150 863 1970 100
124370 124369 863 2588 100
124370 119143 863 1968 100
124370 119144 863 1969 100
117057 117059 527 1582 100
117057 117058 527 1581 100
117057 117060 527 1583 100
117057 117062 527 1584 100
117057 117064 527 1586 100
117057 117063 527 1585 100
124407 119514 864 2055 100
124407 119525 864 2059 100
124407 119506 864 2052 100
124407 119526 864 2060 100
124407 119507 864 2053 100
124407 119524 864 2058 100
124407 119519 864 2056 100
117069 117063 529 1585 100
117069 117064 529 1586 100
117069 117062 529 1584 100
117069 117060 529 1583 100
117069 117058 529 1581 100
117069 117059 529 1582 100
114666 114665 441 1322 100
114666 114667 441 1323 100
114666 114669 441 1325 100
114666 114668 441 1324 100
138628 138631 1150 3450 100
117382 117371 537 1606 100
117382 117372 537 1607 100
117382 117368 537 1605 100
117382 117384 537 1612 100
117382 117381 537 1610 100
117382 117383 537 1611 100
117382 117377 537 1609 100
117382 117376 537 1608 100
125924 125930 874 2623 100
125924 125934 874 2624 100
112097 112095 370 1109 100
131265 131259 991 2971 100
131265 131278 991 2973 100
131265 131249 991 2970 100
131265 131292 991 2975 100
131265 131290 991 2974 100
108176 108171 282 845 100
108176 108185 282 847 100
108176 108179 282 846 100
